13 0.214244 0.618229 0.050996 0.138542
13 0.250879 0.641146 0.044549 0.155208
13 0.283705 0.672396 0.053927 0.173958
13 0.380422 0.728125 0.039859 0.185417
13 0.424091 0.765104 0.081477 0.211458
13 0.477140 0.564063 0.058617 0.134375
13 0.493259 0.730729 0.052169 0.171875
13 0.565651 0.649479 0.045721 0.153125
13 0.596717 0.625000 0.031653 0.156250
13 0.304513 0.511979 0.072098 0.130208
11 0.572392 0.320312 0.020516 0.040625
11 0.586460 0.316146 0.014654 0.036458
11 0.599355 0.312500 0.015826 0.037500
11 0.572978 0.369792 0.018171 0.043750
11 0.593494 0.355729 0.018171 0.038542
11 0.606975 0.350000 0.018171 0.039583
39 0.585287 0.223438 0.016999 0.059375
39 0.602286 0.220312 0.018171 0.053125
39 0.618406 0.215104 0.018757 0.048958
39 0.628957 0.319271 0.019930 0.057292
39 0.643318 0.315625 0.013482 0.050000
39 0.655334 0.307812 0.014068 0.053125
10 0.570047 0.504167 0.040445 0.066667
10 0.594080 0.481250 0.036928 0.062500
10 0.612837 0.462500 0.034584 0.060417
10 0.632181 0.424479 0.027550 0.059375
10 0.632767 0.568229 0.029894 0.063542
10 0.647714 0.523958 0.033998 0.064583
