25 0.180859 0.604861 0.075781 0.145833
25 0.207813 0.597222 0.092188 0.108333
12 0.318750 0.569444 0.106250 0.180556
12 0.252734 0.555556 0.069531 0.163889
12 0.412109 0.540972 0.063281 0.190278
36 0.145703 0.247222 0.083594 0.138889
36 0.235937 0.224306 0.070312 0.137500
27 0.408984 0.179861 0.067969 0.095833
2 0.618359 0.143750 0.055469 0.054167
2 0.619531 0.201389 0.057813 0.061111
2 0.592969 0.261111 0.050000 0.058333
2 0.545703 0.136111 0.058594 0.063889
2 0.671875 0.256250 0.042188 0.059722
2 0.710547 0.257639 0.041406 0.068056
9 0.795312 0.477778 0.056250 0.066667
9 0.849219 0.481944 0.062500 0.108333
8 0.902734 0.529167 0.049219 0.086111
8 0.957812 0.515278 0.057813 0.102778
8 0.956250 0.191667 0.046875 0.088889
8 0.858203 0.122222 0.049219 0.075000
8 0.895703 0.116667 0.041406 0.072222
25 0.259766 0.904167 0.108594 0.150000
25 0.321484 0.903472 0.107031 0.184722
25 0.383203 0.895139 0.117969 0.159722
27 0.402344 0.247222 0.071875 0.094444
