27 0.182003 0.269856 0.096076 0.160650
6 0.105886 0.469765 0.117050 0.085740
26 0.276725 0.476534 0.077131 0.097473
26 0.348444 0.497292 0.066306 0.088448
26 0.399526 0.502256 0.048038 0.080325
26 0.235453 0.424639 0.092016 0.065884
26 0.234438 0.541065 0.060217 0.087545
26 0.350474 0.412455 0.036536 0.050542
18 0.421177 0.409296 0.056157 0.076715
18 0.520636 0.461643 0.041272 0.078520
18 0.565291 0.452166 0.048038 0.083032
18 0.589986 0.385830 0.052774 0.074910
10 0.591001 0.589350 0.053451 0.070397
10 0.623816 0.569043 0.039242 0.069495
10 0.674899 0.554603 0.056157 0.065884
10 0.708728 0.535199 0.043978 0.059567
10 0.630582 0.648014 0.060893 0.057762
10 0.635995 0.699458 0.059540 0.075812
10 0.694181 0.656137 0.056834 0.079422
10 0.746955 0.663809 0.054127 0.069495
10 0.792625 0.656137 0.049391 0.063177
10 0.758119 0.611913 0.052097 0.041516
10 0.640731 0.791065 0.062246 0.094765
10 0.775710 0.714350 0.057510 0.073105
10 0.741204 0.778430 0.052097 0.067690
11 0.794317 0.250451 0.029770 0.056859
11 0.765900 0.255866 0.037889 0.060469
11 0.738498 0.255866 0.026387 0.058664
11 0.709743 0.255415 0.035183 0.068592
11 0.679973 0.259477 0.036536 0.067690
11 0.592693 0.267148 0.040595 0.081227
11 0.549391 0.188628 0.040595 0.072202
2 0.701962 0.366426 0.053451 0.057762
2 0.674560 0.433213 0.052774 0.055957
2 0.760487 0.370939 0.056834 0.050542
2 0.819012 0.397112 0.053451 0.054152
2 0.777064 0.414260 0.041272 0.043321
2 0.782138 0.316336 0.052774 0.044224
2 0.728687 0.319946 0.063599 0.038809
2 0.670839 0.326264 0.050744 0.033394
2 0.649526 0.375451 0.055480 0.054152
6 0.137348 0.553700 0.087957 0.096570
6 0.058863 0.543321 0.086604 0.110108
34 0.834235 0.245939 0.037889 0.056859
34 0.776387 0.176895 0.033153 0.039711
