31 0.356096 0.245833 0.108441 0.197917
31 0.439625 0.231771 0.098476 0.169792
31 0.422040 0.386979 0.114889 0.207292
31 0.468347 0.311458 0.100821 0.152083
8 0.594959 0.182812 0.077374 0.115625
8 0.648886 0.128125 0.072685 0.114583
4 0.739156 0.201042 0.076202 0.120833
4 0.742380 0.253646 0.094373 0.144792
13 0.939332 0.555208 0.116647 0.227083
13 0.875440 0.399479 0.121336 0.182292
13 0.825029 0.447917 0.144783 0.181250
13 0.766706 0.531771 0.146542 0.190625
13 0.709555 0.594271 0.128370 0.215625
31 0.543962 0.811458 0.131301 0.229167
31 0.391559 0.892188 0.135991 0.215625
31 0.357855 0.826562 0.133060 0.153125
31 0.530481 0.560417 0.090270 0.135417
