8 0.331770 0.593229 0.052755 0.117708
8 0.291911 0.526042 0.051583 0.064583
8 0.254689 0.590104 0.068581 0.088542
8 0.292497 0.654167 0.057444 0.087500
8 0.412661 0.616667 0.058617 0.081250
8 0.379543 0.584375 0.045135 0.079167
8 0.395076 0.675000 0.058617 0.062500
8 0.344080 0.697917 0.058617 0.060417
8 0.437573 0.535937 0.050996 0.090625
8 0.463951 0.586458 0.053341 0.081250
8 0.196659 0.497396 0.059203 0.080208
8 0.241208 0.481771 0.041618 0.082292
8 0.275498 0.470833 0.041032 0.056250
8 0.342028 0.496875 0.050996 0.066667
8 0.345545 0.432812 0.040445 0.065625
8 0.464537 0.510417 0.045135 0.072917
8 0.495311 0.567187 0.048066 0.071875
8 0.558910 0.557292 0.046307 0.070833
8 0.466589 0.456771 0.043376 0.048958
8 0.428488 0.433333 0.038687 0.050000
8 0.418523 0.446875 0.039859 0.058333
33 0.609320 0.500000 0.068581 0.116667
33 0.643025 0.488021 0.059789 0.132292
33 0.669988 0.476562 0.038687 0.117708
11 0.500293 0.434896 0.021688 0.030208
11 0.518171 0.430729 0.017585 0.028125
11 0.540739 0.433854 0.022860 0.021875
11 0.536049 0.475000 0.027550 0.029167
11 0.582649 0.421875 0.021102 0.022917
11 0.572685 0.413021 0.019930 0.023958
11 0.604338 0.427604 0.018757 0.017708
33 0.950176 0.893229 0.099648 0.213542
