7 0.322685 0.601042 0.073271 0.135417
7 0.383646 0.568750 0.077960 0.141667
7 0.481536 0.625000 0.075615 0.247917
7 0.553341 0.608854 0.083236 0.171875
7 0.560082 0.776042 0.075615 0.160417
7 0.305100 0.750000 0.076788 0.162500
7 0.386284 0.741146 0.086753 0.148958
7 0.499121 0.445312 0.058030 0.130208
7 0.431419 0.420312 0.067995 0.136458
7 0.330598 0.421875 0.072685 0.141667
7 0.685229 0.602604 0.155920 0.219792
7 0.637456 0.764583 0.069754 0.181250
7 0.708089 0.751042 0.076202 0.168750
7 0.856389 0.749479 0.113716 0.203125
19 0.201055 0.604167 0.082063 0.470833
19 0.235932 0.615625 0.063892 0.456250
7 0.525205 0.290625 0.087925 0.122917
7 0.622509 0.296875 0.093787 0.133333
7 0.709261 0.193750 0.101993 0.104167
7 0.681712 0.310417 0.091442 0.118750
7 0.630422 0.423438 0.086166 0.144792
7 0.697538 0.428646 0.087925 0.126042
7 0.770809 0.330208 0.107855 0.147917
7 0.855803 0.309375 0.143025 0.168750
7 0.872509 0.187500 0.079132 0.106250
7 0.837339 0.444792 0.069754 0.125000
7 0.912954 0.442188 0.111958 0.119792
7 0.938453 0.572396 0.123095 0.146875
