0 0.730950 0.909896 0.114889 0.167708
19 0.703400 0.451562 0.144197 0.101042
19 0.808324 0.321875 0.150059 0.091667
19 0.823271 0.300000 0.128370 0.087500
19 0.826788 0.257292 0.121336 0.041667
19 0.682591 0.523958 0.120164 0.104167
19 0.669695 0.398958 0.066237 0.075000
33 0.503517 0.457292 0.063306 0.106250
33 0.462778 0.440104 0.066237 0.117708
33 0.417057 0.410417 0.069754 0.114583
33 0.376612 0.377083 0.068581 0.104167
33 0.339390 0.355208 0.062134 0.097917
33 0.533411 0.331771 0.069168 0.061458
33 0.476846 0.296875 0.061547 0.068750
33 0.406213 0.262500 0.070340 0.068750
