9 0.126184 0.296931 0.061570 0.093863
9 0.103518 0.282040 0.048714 0.080325
32 0.100812 0.440884 0.062246 0.087545
32 0.054804 0.438177 0.048714 0.091155
23 0.150541 0.440884 0.053451 0.107401
23 0.210081 0.433213 0.054804 0.131769
23 0.258796 0.436372 0.053451 0.120036
23 0.304804 0.437274 0.061570 0.116426
24 0.359269 0.428700 0.069012 0.129964
24 0.416779 0.430505 0.071719 0.135379
24 0.477334 0.435018 0.061570 0.128159
24 0.385656 0.299188 0.060893 0.109206
24 0.433694 0.298285 0.055480 0.114621
24 0.533491 0.437274 0.061570 0.120036
24 0.598782 0.439079 0.081191 0.120036
24 0.679973 0.438628 0.079838 0.122744
29 0.479364 0.273466 0.046685 0.167870
29 0.534168 0.276173 0.054804 0.162455
29 0.572057 0.277076 0.029093 0.153430
29 0.607578 0.275722 0.043302 0.163357
29 0.649188 0.276173 0.039919 0.157040
26 0.761840 0.459386 0.041949 0.086643
26 0.809540 0.475632 0.060217 0.059567
6 0.952977 0.458032 0.073748 0.087545
6 0.950271 0.299188 0.052097 0.071300
13 0.908322 0.572653 0.072395 0.120036
13 0.973951 0.641245 0.052097 0.114621
13 0.938769 0.729242 0.073748 0.115523
22 0.798038 0.581679 0.038566 0.065884
22 0.831867 0.584386 0.027740 0.080325
19 0.750677 0.654783 0.046685 0.237365
19 0.731055 0.661552 0.037212 0.218412
19 0.713126 0.651173 0.035183 0.215704
19 0.692490 0.661101 0.039919 0.233755
19 0.666779 0.657040 0.035859 0.222022
19 0.648512 0.660199 0.029093 0.204874
19 0.629905 0.655235 0.035183 0.225632
19 0.606901 0.657942 0.024357 0.216606
19 0.588633 0.674188 0.025710 0.184116
19 0.569012 0.665162 0.027064 0.214801
19 0.550744 0.673736 0.020298 0.197653
19 0.529770 0.673736 0.024357 0.179603
27 0.315968 0.621841 0.070365 0.128159
27 0.236130 0.717509 0.075778 0.113718
27 0.249323 0.609206 0.069689 0.106498
27 0.334574 0.548736 0.065629 0.063177
27 0.267591 0.541065 0.069689 0.064079
27 0.211096 0.537906 0.064953 0.046931
27 0.190460 0.602437 0.069689 0.101986
27 0.163396 0.712545 0.076455 0.121841
27 0.081529 0.709838 0.094046 0.136282
27 0.118403 0.610560 0.073072 0.092960
27 0.150541 0.543321 0.062923 0.052347
27 0.094723 0.543321 0.059540 0.061372
27 0.050068 0.619585 0.074425 0.094765
25 0.342355 0.683664 0.037889 0.165162
25 0.359946 0.689982 0.027064 0.156137
25 0.402233 0.676895 0.031800 0.185921
25 0.500338 0.689982 0.041272 0.168773
25 0.476658 0.685921 0.041272 0.191336
25 0.503383 0.620487 0.035183 0.136282
11 0.771989 0.597473 0.041949 0.052347
