8 0.340856 0.505208 0.060375 0.089583
8 0.412075 0.525000 0.057444 0.091667
8 0.450469 0.580208 0.048652 0.083333
8 0.429660 0.620833 0.058617 0.054167
8 0.357855 0.621875 0.066237 0.054167
8 0.293376 0.538021 0.061547 0.096875
8 0.279894 0.614583 0.065064 0.064583
8 0.232122 0.550521 0.036342 0.057292
8 0.188159 0.517708 0.066823 0.087500
8 0.452227 0.400521 0.052169 0.048958
8 0.356975 0.394271 0.048066 0.061458
8 0.310961 0.350521 0.052169 0.080208
8 0.100234 0.553125 0.052755 0.070833
8 0.107268 0.610417 0.041032 0.068750
8 0.209848 0.608333 0.049238 0.068750
8 0.161782 0.355729 0.045721 0.071875
22 0.607562 0.542708 0.025205 0.058333
22 0.534584 0.549479 0.026964 0.057292
22 0.560961 0.547917 0.025791 0.050000
22 0.583529 0.603646 0.032239 0.061458
22 0.610492 0.603125 0.027550 0.062500
22 0.641852 0.606250 0.033998 0.064583
22 0.653576 0.548958 0.036342 0.066667
22 0.632767 0.558333 0.028722 0.052083
22 0.696659 0.600000 0.038101 0.064583
22 0.549238 0.618229 0.026964 0.046875
22 0.721278 0.582292 0.040445 0.066667
22 0.746190 0.591146 0.031653 0.057292
22 0.773740 0.585417 0.039859 0.058333
22 0.803048 0.581250 0.041032 0.060417
22 0.815651 0.557292 0.039273 0.043750
22 0.689332 0.545312 0.025791 0.048958
22 0.522567 0.618750 0.026377 0.045833
22 0.546014 0.398958 0.027550 0.050000
22 0.572978 0.404167 0.025205 0.047917
22 0.596424 0.404687 0.025205 0.046875
22 0.623388 0.407292 0.025205 0.043750
22 0.903576 0.607292 0.053341 0.060417
22 0.870457 0.565625 0.042204 0.041667
22 0.850821 0.607292 0.047479 0.060417
8 0.228605 0.402604 0.056272 0.044792
8 0.310961 0.402604 0.053341 0.042708
8 0.396542 0.376042 0.043962 0.072917
8 0.144490 0.611979 0.058030 0.057292
8 0.057151 0.614583 0.068581 0.056250
