35 0.101488 0.833935 0.083897 0.090253
35 0.182003 0.751805 0.067659 0.079422
35 0.227334 0.719765 0.064953 0.073105
35 0.354533 0.652076 0.073072 0.071300
35 0.385318 0.614170 0.053451 0.056859
35 0.195535 0.884477 0.106901 0.111913
35 0.245940 0.805505 0.092693 0.120036
35 0.359946 0.770758 0.090663 0.120939
35 0.428281 0.744585 0.070365 0.110108
35 0.444181 0.666065 0.056157 0.050542
35 0.300068 0.902527 0.084574 0.083032
35 0.356901 0.858303 0.100812 0.066787
6 0.507104 0.733303 0.069689 0.065884
6 0.447903 0.588448 0.048714 0.066787
10 0.594046 0.189079 0.046008 0.033394
10 0.630582 0.231949 0.016238 0.066787
10 0.611299 0.227888 0.019621 0.064079
10 0.692828 0.213448 0.035183 0.051444
10 0.726996 0.223375 0.037212 0.035199
