1 0.479702 0.709386 0.058187 0.095668
1 0.528078 0.682310 0.061570 0.117329
1 0.556834 0.658394 0.058187 0.103791
1 0.582206 0.634928 0.068336 0.089350
1 0.426590 0.725181 0.048038 0.121841
1 0.370095 0.714801 0.066306 0.119134
1 0.342693 0.674188 0.077808 0.120939
1 0.302436 0.650271 0.059540 0.107401
1 0.270298 0.638538 0.054804 0.078520
1 0.233085 0.621841 0.056157 0.097473
1 0.200947 0.602888 0.063599 0.090253
1 0.146820 0.566336 0.050068 0.087545
1 0.435386 0.604242 0.054804 0.071300
1 0.484438 0.598827 0.046008 0.076715
1 0.502368 0.578069 0.058863 0.071300
1 0.584235 0.523466 0.035859 0.068592
1 0.388363 0.599278 0.040595 0.081227
1 0.355548 0.575812 0.045332 0.074007
1 0.315968 0.564982 0.047361 0.074007
1 0.288566 0.541968 0.043978 0.078520
1 0.261840 0.528430 0.044655 0.064079
17 0.428281 0.439531 0.040595 0.050542
17 0.388701 0.437726 0.048038 0.055957
22 0.304127 0.397563 0.022327 0.056859
11 0.607578 0.487365 0.018945 0.039711
11 0.626861 0.478791 0.016915 0.035199
11 0.642760 0.470668 0.017591 0.037004
11 0.656969 0.458484 0.016238 0.036101
11 0.694520 0.502256 0.016915 0.040614
11 0.680988 0.511733 0.018268 0.037906
11 0.666103 0.521209 0.018268 0.040614
11 0.649188 0.533845 0.022327 0.038809
11 0.629905 0.546029 0.017591 0.041516
35 0.568674 0.402527 0.025034 0.059567
35 0.584235 0.394856 0.033153 0.058664
35 0.612991 0.380866 0.033829 0.050542
35 0.636671 0.379061 0.028417 0.052347
35 0.653248 0.373195 0.030447 0.044224
35 0.675913 0.363267 0.024357 0.042419
35 0.698917 0.354693 0.024357 0.041516
35 0.715494 0.348827 0.020974 0.038809
6 0.681326 0.450361 0.029770 0.048736
6 0.698579 0.441336 0.035859 0.043321
6 0.716171 0.427347 0.031800 0.038809
6 0.740528 0.416065 0.031800 0.032491
6 0.728349 0.499549 0.029093 0.049639
6 0.741204 0.486462 0.035859 0.050542
6 0.757104 0.477888 0.033829 0.049639
6 0.780108 0.465704 0.023004 0.048736
6 0.791949 0.449910 0.030447 0.038809
6 0.529770 0.259025 0.033829 0.055957
6 0.559202 0.252256 0.025034 0.049639
6 0.587280 0.249097 0.037889 0.046931
6 0.604871 0.242780 0.021651 0.037906
6 0.629905 0.248646 0.031123 0.044224
6 0.653248 0.242780 0.025034 0.039711
