25 0.808910 0.735938 0.064478 0.257292
25 0.821805 0.786458 0.083236 0.283333
25 0.451055 0.256250 0.080305 0.131250
25 0.465416 0.221354 0.042204 0.128125
8 0.594373 0.340104 0.042204 0.082292
8 0.638042 0.362500 0.043962 0.072917
8 0.682005 0.368229 0.043962 0.084375
8 0.724795 0.394271 0.045135 0.092708
8 0.776084 0.405208 0.053927 0.083333
8 0.758499 0.731250 0.073857 0.118750
31 0.424091 0.503125 0.110785 0.125000
31 0.361665 0.492708 0.105510 0.079167
33 0.090856 0.661979 0.160610 0.261458
33 0.160023 0.727083 0.138335 0.225000
33 0.259965 0.745313 0.134232 0.251042
33 0.411196 0.717708 0.074443 0.187500
33 0.367819 0.896354 0.110785 0.207292
33 0.291911 0.885938 0.106682 0.228125
33 0.350234 0.700521 0.073271 0.209375
33 0.272274 0.610938 0.077960 0.067708
33 0.192556 0.903646 0.082649 0.167708
32 0.786635 0.502604 0.053927 0.103125
32 0.737691 0.486979 0.049824 0.092708
32 0.689918 0.460417 0.043376 0.104167
32 0.647714 0.450521 0.053927 0.096875
