10 0.604924 0.480208 0.050410 0.091667
10 0.541325 0.516667 0.049824 0.104167
10 0.632474 0.771875 0.060961 0.116667
10 0.543962 0.768750 0.059789 0.100000
10 0.386284 0.770312 0.053927 0.113542
10 0.432591 0.663021 0.055100 0.094792
10 0.525205 0.611458 0.055100 0.087500
10 0.449004 0.469792 0.051583 0.100000
10 0.436108 0.760938 0.057444 0.107292
10 0.486225 0.770833 0.055686 0.120833
10 0.624267 0.679167 0.060961 0.097917
2 0.563892 0.309375 0.045721 0.100000
2 0.610492 0.291146 0.046307 0.119792
6 0.667057 0.285417 0.055100 0.135417
6 0.756155 0.296354 0.048066 0.130208
6 0.800117 0.313021 0.046893 0.105208
6 0.840856 0.259375 0.036928 0.129167
6 0.889801 0.292708 0.065651 0.116667
27 0.917057 0.460417 0.096717 0.160417
27 0.952227 0.579688 0.095545 0.186458
27 0.959848 0.729688 0.080305 0.219792
