32 0.474628 0.291516 0.054804 0.111913
32 0.445196 0.273014 0.048714 0.094765
32 0.416441 0.268953 0.041272 0.088448
32 0.391746 0.255415 0.047361 0.083032
9 0.602842 0.183213 0.073072 0.124549
9 0.549053 0.180957 0.052097 0.101986
9 0.557510 0.089350 0.059540 0.072202
9 0.496617 0.158845 0.052774 0.099278
9 0.525034 0.076715 0.048714 0.070397
9 0.456360 0.066787 0.046685 0.059567
9 0.418809 0.134025 0.043302 0.089350
9 0.434371 0.144404 0.036536 0.081227
9 0.387348 0.128610 0.035859 0.078520
9 0.407645 0.057310 0.037212 0.065884
6 0.499662 0.334838 0.071042 0.101083
6 0.348782 0.486011 0.042625 0.062274
6 0.397497 0.439079 0.046685 0.060469
6 0.414073 0.380866 0.056834 0.061372
6 0.443843 0.439982 0.041949 0.071300
6 0.395129 0.502256 0.040595 0.069495
6 0.359608 0.419675 0.050744 0.063177
6 0.325101 0.369134 0.037212 0.043321
6 0.290934 0.410650 0.036536 0.043321
6 0.282815 0.488267 0.033829 0.059567
6 0.297023 0.511282 0.020298 0.065884
6 0.222260 0.377256 0.045332 0.048736
6 0.279432 0.350632 0.037889 0.037004
6 0.294655 0.367329 0.046685 0.043321
6 0.333897 0.319043 0.041272 0.033394
35 0.468539 0.480596 0.052097 0.069495
35 0.434709 0.538809 0.060217 0.066787
35 0.382273 0.587545 0.056834 0.052347
35 0.504398 0.500451 0.045332 0.062274
35 0.533153 0.523466 0.043302 0.061372
35 0.586265 0.538809 0.061570 0.063177
35 0.558187 0.608303 0.062246 0.072202
35 0.498985 0.602437 0.056157 0.083935
35 0.472598 0.564531 0.049391 0.074910
35 0.438769 0.650271 0.056157 0.062274
35 0.508457 0.708032 0.058863 0.083935
35 0.549729 0.758123 0.062923 0.079422
35 0.461773 0.692238 0.071042 0.070397
35 0.409675 0.618682 0.066982 0.071300
35 0.573410 0.685469 0.066982 0.089350
35 0.542625 0.806859 0.063599 0.072202
35 0.609269 0.806859 0.057510 0.063177
35 0.611976 0.743682 0.073748 0.063177
35 0.665088 0.720217 0.071719 0.064982
35 0.710758 0.685469 0.068336 0.071300
35 0.620095 0.528881 0.048038 0.057762
35 0.698917 0.569495 0.055480 0.066787
35 0.658999 0.611462 0.066306 0.078520
35 0.772666 0.648917 0.058187 0.077617
35 0.729702 0.559116 0.052097 0.064079
35 0.666441 0.509928 0.064953 0.037906
10 0.538566 0.376354 0.043302 0.070397
10 0.584235 0.386282 0.054804 0.066787
10 0.600812 0.320397 0.047361 0.061372
10 0.664073 0.358755 0.054804 0.069495
10 0.669147 0.308213 0.051421 0.056859
10 0.718877 0.347473 0.049391 0.050542
10 0.756089 0.327166 0.043978 0.053249
13 0.745940 0.477437 0.108931 0.135379
13 0.798714 0.448556 0.089986 0.144404
13 0.837957 0.416065 0.079161 0.124549
13 0.874154 0.397563 0.075778 0.109206
13 0.911705 0.383123 0.075101 0.109206
13 0.835589 0.614170 0.052774 0.163357
13 0.862314 0.552347 0.060217 0.176895
13 0.904601 0.538357 0.031123 0.168773
13 0.944858 0.518051 0.045332 0.149819
8 0.674222 0.126805 0.062923 0.064079
8 0.720230 0.176444 0.037212 0.060469
8 0.735792 0.165614 0.052097 0.069495
