10 0.434709 0.185018 0.053451 0.070397
10 0.484777 0.186372 0.048038 0.064079
10 0.530108 0.187274 0.045332 0.060469
10 0.570027 0.187274 0.039919 0.060469
10 0.606563 0.184567 0.038566 0.058664
10 0.641407 0.262184 0.047361 0.060469
10 0.599120 0.262635 0.045332 0.064982
19 0.742558 0.670126 0.098106 0.203069
19 0.603180 0.739621 0.107578 0.248195
19 0.626861 0.729693 0.102165 0.237365
38 0.362991 0.798736 0.100812 0.315884
38 0.386333 0.789711 0.098782 0.321300
38 0.438430 0.784747 0.047361 0.338448
38 0.482409 0.787906 0.077131 0.285199
38 0.534844 0.766697 0.094046 0.259025
38 0.553451 0.754513 0.110961 0.265343
