31 0.314276 0.395758 0.048038 0.076715
31 0.299391 0.451264 0.026387 0.046931
31 0.329161 0.444946 0.035859 0.050542
31 0.326116 0.486913 0.063599 0.091155
31 0.358931 0.501354 0.052097 0.114621
31 0.380244 0.548736 0.055480 0.095668
31 0.410352 0.597473 0.062923 0.111913
31 0.457375 0.646661 0.062246 0.136282
31 0.534168 0.641697 0.073748 0.129964
31 0.575440 0.556859 0.064276 0.146209
31 0.616712 0.538357 0.068336 0.134477
31 0.654601 0.513087 0.066982 0.118231
31 0.715494 0.512635 0.058863 0.090253
31 0.758796 0.502256 0.053451 0.096570
18 0.528078 0.319946 0.042625 0.067690
18 0.560217 0.308664 0.035183 0.057762
18 0.594723 0.293773 0.044655 0.053249
18 0.468200 0.299188 0.055480 0.055054
22 0.792287 0.506769 0.040595 0.058664
22 0.809202 0.502708 0.037889 0.055957
22 0.815629 0.490523 0.042625 0.060469
22 0.809540 0.441787 0.043978 0.044224
22 0.827470 0.486913 0.040595 0.060469
22 0.775034 0.446751 0.043978 0.039711
15 0.819012 0.190433 0.018268 0.027076
15 0.836604 0.192690 0.016915 0.024368
15 0.856901 0.192690 0.016915 0.024368
15 0.872463 0.201715 0.014208 0.020758
15 0.890392 0.194495 0.017591 0.020758
15 0.875169 0.127708 0.016915 0.022563
15 0.858931 0.129061 0.016915 0.021661
15 0.890054 0.124097 0.014208 0.022563
15 0.841340 0.125451 0.018268 0.018051
15 0.887686 0.174639 0.017591 0.018953
15 0.822395 0.225181 0.016915 0.017148
15 0.841340 0.225632 0.018268 0.018051
15 0.871448 0.229242 0.014885 0.021661
15 0.905277 0.227437 0.016238 0.021661
15 0.921177 0.191787 0.018268 0.024368
15 0.934032 0.191787 0.014208 0.022563
15 0.905277 0.129964 0.014885 0.016245
15 0.912043 0.166516 0.016238 0.020758
