18 0.179297 0.441667 0.038281 0.058333
18 0.219922 0.445833 0.036719 0.052778
18 0.251563 0.447917 0.029687 0.062500
18 0.285547 0.440972 0.036719 0.062500
2 0.336328 0.432639 0.036719 0.062500
2 0.369531 0.431250 0.032813 0.056944
2 0.399609 0.427083 0.028906 0.056944
22 0.437109 0.431944 0.027344 0.069444
22 0.458594 0.428472 0.028125 0.070833
22 0.479687 0.424306 0.020313 0.070833
13 0.633594 0.400694 0.043750 0.118056
13 0.615234 0.350000 0.044531 0.108333
8 0.715625 0.602083 0.040625 0.051389
8 0.699219 0.648611 0.045312 0.072222
8 0.738281 0.647917 0.037500 0.070833
36 0.596484 0.622222 0.046094 0.108333
36 0.628906 0.607639 0.026562 0.095833
19 0.377734 0.606944 0.027344 0.105556
19 0.321875 0.615972 0.031250 0.134722
19 0.341016 0.627778 0.035156 0.113889
19 0.407422 0.618056 0.027344 0.136111
25 0.257031 0.562500 0.081250 0.080556
25 0.181250 0.578472 0.068750 0.093056
25 0.150781 0.681250 0.053125 0.109722
0 0.160938 0.645139 0.050000 0.079167
