13 0.292204 0.559896 0.061547 0.117708
13 0.350821 0.631771 0.061547 0.101042
13 0.377198 0.591146 0.063892 0.119792
13 0.424385 0.548958 0.042204 0.095833
13 0.346424 0.456250 0.049238 0.085417
13 0.306858 0.360417 0.038101 0.093750
13 0.473036 0.466667 0.045721 0.072917
13 0.518464 0.468229 0.049824 0.076042
13 0.572685 0.463021 0.049238 0.061458
13 0.547479 0.335938 0.038687 0.048958
13 0.492966 0.323437 0.035170 0.073958
13 0.456038 0.334896 0.044549 0.051042
13 0.379250 0.493750 0.050410 0.077083
13 0.467761 0.629687 0.039859 0.082292
13 0.518171 0.627604 0.044549 0.088542
13 0.597597 0.619792 0.050996 0.108333
13 0.652989 0.626042 0.055100 0.075000
13 0.626612 0.504687 0.044549 0.080208
13 0.660903 0.498437 0.045135 0.067708
13 0.715416 0.505729 0.050996 0.073958
13 0.740914 0.602604 0.038687 0.109375
13 0.698124 0.582292 0.043376 0.066667
