15 0.528417 0.504513 0.043302 0.059567
15 0.559878 0.531588 0.039919 0.054152
15 0.591001 0.564079 0.039919 0.064982
15 0.528078 0.611913 0.041272 0.064982
15 0.493911 0.584838 0.035183 0.070397
15 0.468877 0.559116 0.035183 0.055054
15 0.497294 0.527527 0.033829 0.051444
15 0.537889 0.458032 0.033829 0.047834
15 0.570027 0.472473 0.037212 0.046029
15 0.572733 0.648466 0.042625 0.060469
15 0.540934 0.678700 0.037212 0.074007
15 0.507104 0.657040 0.031800 0.066787
15 0.449256 0.587094 0.028417 0.058664
15 0.576455 0.722022 0.039242 0.081227
13 0.640731 0.739621 0.100135 0.174188
13 0.723613 0.719314 0.068336 0.153430
13 0.654263 0.582130 0.100135 0.140794
13 0.779093 0.682310 0.062923 0.146209
13 0.830514 0.646209 0.043978 0.135379
13 0.869756 0.617780 0.046685 0.130866
13 0.746955 0.541968 0.098782 0.134477
13 0.792625 0.514892 0.083221 0.132671
13 0.835250 0.494585 0.085927 0.126354
13 0.871448 0.470217 0.074425 0.117329
13 0.916779 0.448556 0.067659 0.115523
13 0.909337 0.597924 0.035183 0.111011
13 0.942152 0.562726 0.054804 0.098375
11 0.679296 0.255866 0.041949 0.055054
11 0.716847 0.254061 0.039919 0.055054
11 0.650541 0.240523 0.023681 0.046029
11 0.769959 0.238718 0.039242 0.051444
11 0.787551 0.220217 0.029770 0.046931
12 0.697564 0.382671 0.069012 0.111913
12 0.639039 0.375903 0.049391 0.098375
32 0.582544 0.148466 0.043302 0.080325
32 0.534506 0.197653 0.043302 0.086643
32 0.552436 0.129513 0.031800 0.065884
32 0.476319 0.179603 0.035183 0.072202
32 0.496955 0.120939 0.033153 0.050542
32 0.522327 0.116426 0.029770 0.041516
35 0.576455 0.358755 0.031123 0.067690
35 0.554804 0.351534 0.039242 0.060469
35 0.535521 0.339801 0.037212 0.062274
35 0.510825 0.331679 0.041949 0.064079
35 0.491543 0.317690 0.029093 0.059567
35 0.459066 0.306408 0.025034 0.053249
35 0.446211 0.291968 0.027740 0.062274
35 0.430988 0.290614 0.023004 0.054152
35 0.414411 0.281137 0.026387 0.055054
35 0.384980 0.265794 0.025710 0.042419
10 0.304127 0.426895 0.022327 0.037906
10 0.322733 0.441787 0.024357 0.040614
10 0.364005 0.444495 0.035183 0.040614
10 0.363329 0.477888 0.033829 0.029783
10 0.340663 0.457581 0.030447 0.041516
10 0.329838 0.402978 0.027740 0.033394
10 0.400541 0.430054 0.025710 0.040614
10 0.400880 0.387184 0.029093 0.043321
10 0.431326 0.381318 0.025034 0.026173
10 0.391746 0.355144 0.023004 0.033394
10 0.369756 0.345668 0.020974 0.030686
10 0.355886 0.387184 0.014885 0.032491
21 0.437754 0.537455 0.055480 0.069495
21 0.416779 0.511733 0.063599 0.079422
21 0.388024 0.483755 0.061570 0.074007
21 0.482409 0.472473 0.040595 0.091155
21 0.450947 0.461191 0.038566 0.054152
21 0.442490 0.424639 0.039242 0.055054
41 0.755074 0.361462 0.054127 0.098375
41 0.772327 0.355596 0.038566 0.075812
41 0.792625 0.342058 0.056157 0.072202
