11 0.425264 0.490104 0.038101 0.069792
11 0.467468 0.498958 0.045135 0.070833
11 0.540445 0.460417 0.030481 0.060417
11 0.565944 0.450000 0.027550 0.066667
11 0.586753 0.437500 0.028136 0.060417
11 0.360492 0.455208 0.033998 0.064583
11 0.332649 0.452604 0.034584 0.057292
10 0.377198 0.620833 0.052169 0.066667
10 0.408265 0.639062 0.046307 0.073958
10 0.450176 0.642708 0.050410 0.089583
10 0.331770 0.703125 0.052755 0.062500
10 0.364596 0.726562 0.053927 0.071875
10 0.422333 0.738542 0.062720 0.085417
10 0.266120 0.783854 0.043376 0.098958
10 0.295135 0.823438 0.052169 0.101042
10 0.332356 0.858854 0.045721 0.111458
10 0.378077 0.885938 0.050410 0.113542
10 0.430246 0.932813 0.060961 0.134375
10 0.364302 0.801562 0.042790 0.057292
10 0.410903 0.851562 0.046893 0.096875
19 0.298652 0.694271 0.134232 0.242708
19 0.273154 0.654687 0.126612 0.223958
19 0.270809 0.622396 0.135991 0.226042
19 0.252638 0.642188 0.143025 0.217708
19 0.202521 0.605729 0.136577 0.190625
19 0.165006 0.572396 0.107268 0.128125
19 0.163540 0.608854 0.120750 0.151042
11 0.298652 0.440104 0.031067 0.065625
21 0.644783 0.726562 0.065651 0.121875
21 0.662661 0.716146 0.059203 0.109375
21 0.676436 0.688542 0.039859 0.097917
32 0.526377 0.290104 0.045721 0.086458
32 0.554807 0.276042 0.035756 0.091667
32 0.610199 0.266146 0.028136 0.076042
32 0.626905 0.261458 0.031067 0.066667
32 0.588218 0.197396 0.027550 0.061458
32 0.569754 0.198437 0.031653 0.055208
11 0.712778 0.542708 0.023447 0.043750
11 0.669695 0.495312 0.024033 0.036458
6 0.711020 0.430208 0.026964 0.037500
6 0.748242 0.468229 0.031067 0.036458
6 0.789859 0.506250 0.013482 0.050000
21 0.665299 0.352604 0.035170 0.078125
21 0.681419 0.350000 0.029894 0.079167
