12 0.343494 0.795833 0.103165 0.256250
12 0.409730 0.641146 0.082063 0.121875
25 0.436108 0.857812 0.087925 0.271875
25 0.492087 0.863021 0.123681 0.246875
25 0.522567 0.866146 0.086166 0.267708
25 0.566530 0.860938 0.108441 0.278125
25 0.596717 0.813542 0.127784 0.179167
25 0.620457 0.746875 0.088511 0.154167
22 0.512309 0.431250 0.032825 0.100000
22 0.487397 0.429688 0.029894 0.113542
18 0.458382 0.435937 0.043376 0.109375
18 0.422040 0.428646 0.031653 0.111458
18 0.331770 0.398438 0.038687 0.107292
1 0.434349 0.231771 0.046893 0.126042
1 0.472157 0.230729 0.036928 0.117708
2 0.306858 0.837500 0.062720 0.127083
2 0.257913 0.802604 0.052755 0.117708
2 0.240328 0.636458 0.060961 0.077083
2 0.291325 0.636979 0.050410 0.076042
2 0.337339 0.670833 0.047479 0.081250
2 0.354338 0.577604 0.065064 0.071875
2 0.089977 0.676042 0.039273 0.097917
2 0.127784 0.694271 0.036342 0.103125
2 0.162368 0.709896 0.024619 0.067708
2 0.213365 0.765625 0.035170 0.102083
2 0.185522 0.599479 0.050996 0.065625
2 0.120457 0.613542 0.063892 0.052083
2 0.194021 0.538021 0.048066 0.069792
2 0.230070 0.558854 0.040445 0.055208
2 0.274912 0.569792 0.041032 0.058333
2 0.302462 0.533854 0.050410 0.071875
13 0.064185 0.601042 0.046307 0.158333
12 0.533998 0.383333 0.083236 0.120833
12 0.565358 0.360417 0.059203 0.108333
12 0.612544 0.330208 0.042204 0.108333
