10 0.635111 0.554167 0.059203 0.077083
10 0.729484 0.608333 0.065064 0.075000
10 0.750879 0.557813 0.057444 0.092708
10 0.725088 0.508333 0.048066 0.093750
10 0.579132 0.528646 0.045721 0.073958
15 0.109906 0.424479 0.049824 0.040625
15 0.091149 0.365625 0.036928 0.045833
15 0.055393 0.368229 0.033411 0.032292
15 0.136284 0.336458 0.025205 0.041667
15 0.209555 0.177083 0.019343 0.041667
15 0.058324 0.400521 0.025205 0.044792
11 0.327667 0.371875 0.019930 0.037500
11 0.349941 0.385417 0.017585 0.045833
11 0.307737 0.391667 0.025791 0.033333
11 0.327081 0.409896 0.030481 0.030208
11 0.404748 0.354687 0.027550 0.044792
11 0.283118 0.419271 0.026964 0.023958
11 0.299824 0.431250 0.029894 0.022917
11 0.314185 0.455208 0.032825 0.039583
11 0.274326 0.558854 0.036342 0.044792
11 0.259672 0.595313 0.032825 0.036458
11 0.213658 0.608333 0.039273 0.045833
11 0.189039 0.582292 0.032239 0.047917
11 0.218933 0.555208 0.029894 0.037500
11 0.224502 0.507292 0.026964 0.037500
11 0.165885 0.575000 0.025791 0.045833
11 0.165299 0.622917 0.031653 0.031250
11 0.183177 0.641667 0.029894 0.039583
11 0.196073 0.664583 0.032239 0.047917
