21 0.407093 0.737500 0.031067 0.195833
21 0.300703 0.608854 0.056272 0.186458
21 0.350528 0.623958 0.036342 0.181250
21 0.379836 0.595833 0.030481 0.177083
21 0.411489 0.584375 0.037515 0.150000
21 0.347597 0.743750 0.098476 0.089583
21 0.352579 0.797396 0.088511 0.080208
21 0.461606 0.708854 0.058030 0.105208
21 0.452521 0.594271 0.030481 0.165625
21 0.423505 0.493750 0.028722 0.143750
21 0.465123 0.495833 0.039273 0.127083
21 0.519637 0.701042 0.038101 0.156250
21 0.572392 0.692708 0.040445 0.189583
21 0.543962 0.495312 0.028136 0.084375
21 0.516120 0.501042 0.027550 0.079167
21 0.530481 0.594792 0.024619 0.102083
21 0.491208 0.498958 0.028136 0.085417
40 0.445780 0.354167 0.025205 0.058333
40 0.468347 0.347396 0.025791 0.040625
40 0.514947 0.358854 0.031067 0.046875
40 0.538394 0.319271 0.032239 0.044792
40 0.576788 0.311979 0.024619 0.061458
40 0.621043 0.312500 0.024033 0.039583
40 0.686108 0.327604 0.020516 0.069792
40 0.716002 0.341146 0.025205 0.044792
40 0.621043 0.353646 0.024033 0.048958
