6 0.384303 0.377256 0.036536 0.061372
6 0.421516 0.361462 0.031123 0.051444
6 0.376184 0.292870 0.050068 0.035199
6 0.353180 0.365523 0.040595 0.061372
1 0.456698 0.358755 0.048714 0.078520
1 0.488836 0.358303 0.045332 0.075812
1 0.533153 0.351534 0.040595 0.069495
1 0.548038 0.350181 0.036536 0.068592
0 0.565968 0.305957 0.043978 0.052347
0 0.578146 0.354693 0.039919 0.039711
33 0.599797 0.324007 0.043978 0.093863
33 0.627199 0.312274 0.047361 0.102888
33 0.648512 0.313628 0.037212 0.091155
12 0.476658 0.470668 0.065629 0.100181
12 0.513194 0.464350 0.061570 0.094765
12 0.538566 0.453069 0.056834 0.090253
12 0.509134 0.716606 0.094046 0.149819
12 0.565291 0.690433 0.057510 0.144404
12 0.604533 0.659296 0.043978 0.138087
12 0.632612 0.639440 0.047361 0.121841
12 0.662382 0.621390 0.043302 0.100181
12 0.472936 0.620036 0.056834 0.068592
12 0.516576 0.597473 0.050744 0.061372
12 0.455007 0.569946 0.034506 0.037004
12 0.491881 0.554152 0.040595 0.043321
12 0.535521 0.541065 0.037212 0.035199
9 0.473951 0.757220 0.075101 0.117329
9 0.439445 0.798285 0.049391 0.143502
9 0.398850 0.815433 0.057510 0.159747
9 0.390392 0.687274 0.058187 0.091155
9 0.317997 0.802798 0.055480 0.136282
9 0.286874 0.762184 0.069012 0.127256
9 0.335589 0.672834 0.062246 0.105596
9 0.256428 0.722473 0.067659 0.134477
9 0.428620 0.655686 0.049391 0.092960
32 0.332206 0.588448 0.044655 0.068592
32 0.210758 0.722473 0.041272 0.100181
32 0.194858 0.694495 0.051421 0.100181
32 0.169147 0.681859 0.047361 0.100181
32 0.135995 0.648917 0.044655 0.088448
32 0.115359 0.637184 0.039919 0.090253
32 0.095399 0.618682 0.044655 0.087545
32 0.212111 0.598827 0.049391 0.074910
32 0.229364 0.611462 0.037889 0.071300
32 0.210081 0.528430 0.039919 0.058664
8 0.092355 0.555505 0.045332 0.044224
8 0.134641 0.569495 0.035183 0.045126
8 0.170839 0.528881 0.042625 0.039711
19 0.687077 0.543321 0.071042 0.135379
19 0.711434 0.560018 0.072395 0.141697
19 0.714141 0.540614 0.056157 0.128159
19 0.730717 0.535199 0.064953 0.133574
19 0.744926 0.535650 0.059540 0.114621
19 0.754060 0.525722 0.053451 0.118231
19 0.775710 0.520307 0.061570 0.098375
19 0.782138 0.514440 0.062246 0.102888
19 0.790934 0.512184 0.055480 0.101986
12 0.643775 0.534747 0.033153 0.047834
12 0.566644 0.564531 0.042625 0.046029
12 0.595737 0.555957 0.030447 0.036101
12 0.616373 0.539260 0.036536 0.042419
