12 0.442828 0.756769 0.084574 0.156137
12 0.381597 0.757220 0.063599 0.149819
12 0.496617 0.726534 0.078484 0.135379
12 0.542625 0.697653 0.074425 0.133574
12 0.591340 0.680957 0.071719 0.118231
12 0.341340 0.726083 0.072395 0.148917
12 0.310555 0.680957 0.078484 0.145307
12 0.269621 0.654783 0.062923 0.125451
12 0.240528 0.630415 0.057510 0.111011
12 0.297023 0.555957 0.046008 0.068592
12 0.328823 0.577166 0.041949 0.069495
12 0.358593 0.588899 0.043302 0.069495
12 0.393437 0.634928 0.068336 0.074910
12 0.454668 0.626354 0.062246 0.081227
12 0.500338 0.605596 0.042625 0.063177
12 0.530785 0.590704 0.039919 0.058664
12 0.402909 0.549639 0.054804 0.068592
12 0.450271 0.549188 0.056157 0.055054
2 0.461096 0.479242 0.042625 0.059567
2 0.499662 0.470217 0.042625 0.068592
2 0.442490 0.352888 0.058187 0.050542
14 0.549053 0.436823 0.049391 0.092058
14 0.584912 0.425542 0.053451 0.083935
14 0.617727 0.420126 0.046008 0.083935
14 0.644452 0.410650 0.048038 0.083032
14 0.674899 0.407491 0.045332 0.082130
14 0.697903 0.397112 0.041272 0.084838
14 0.719892 0.391245 0.040595 0.076715
14 0.741204 0.386733 0.034506 0.073105
14 0.774357 0.379964 0.037212 0.070397
15 0.518268 0.309116 0.035183 0.040614
15 0.541949 0.340253 0.035183 0.059567
15 0.548714 0.302798 0.028417 0.035199
15 0.572057 0.326264 0.031800 0.051444
15 0.573410 0.296931 0.022327 0.023466
15 0.601488 0.326264 0.031123 0.046029
15 0.624493 0.323105 0.023004 0.055957
15 0.646482 0.318141 0.030447 0.047834
15 0.669147 0.316336 0.027064 0.047834
15 0.691475 0.311823 0.028417 0.047834
15 0.666103 0.277076 0.029093 0.032491
15 0.645467 0.277527 0.027064 0.037004
15 0.621110 0.276173 0.025710 0.034296
4 0.739175 0.293321 0.057510 0.068592
13 0.832206 0.538809 0.047361 0.086643
13 0.855886 0.524368 0.046008 0.079422
13 0.879229 0.506318 0.038566 0.081227
13 0.904263 0.502256 0.039919 0.083935
29 0.596414 0.614621 0.121110 0.194946
29 0.624493 0.605144 0.108254 0.177798
29 0.667456 0.581679 0.106225 0.166968
29 0.687754 0.573556 0.110284 0.163357
29 0.709743 0.566787 0.102842 0.140794
29 0.750338 0.554603 0.086604 0.120036
2 0.374831 0.450812 0.037889 0.055054
2 0.358593 0.441787 0.029770 0.051444
