11 0.380422 0.521354 0.030481 0.055208
11 0.410317 0.530729 0.029308 0.046875
11 0.440504 0.541667 0.036928 0.058333
11 0.474209 0.552083 0.037515 0.058333
11 0.507620 0.558333 0.035170 0.056250
11 0.403869 0.488542 0.035170 0.031250
11 0.432298 0.499479 0.035756 0.036458
11 0.461899 0.509896 0.035170 0.032292
11 0.493552 0.520833 0.035170 0.039583
8 0.440797 0.467708 0.039859 0.045833
8 0.478898 0.477083 0.042204 0.052083
8 0.497069 0.448958 0.042204 0.058333
8 0.466002 0.443229 0.032825 0.048958
8 0.536049 0.454688 0.040445 0.048958
8 0.589097 0.466146 0.038687 0.053125
15 0.548652 0.508854 0.042204 0.069792
15 0.565064 0.558333 0.045721 0.072917
15 0.608148 0.545312 0.042790 0.076042
15 0.648593 0.578125 0.046307 0.079167
15 0.767292 0.622396 0.055100 0.071875
15 0.720692 0.604167 0.036928 0.054167
15 0.801290 0.641146 0.046893 0.061458
