13 0.371110 0.729693 0.025034 0.154332
13 0.338972 0.706679 0.041949 0.138989
13 0.415765 0.724278 0.066982 0.134477
13 0.471922 0.720668 0.042625 0.127256
13 0.509472 0.699458 0.054127 0.119134
13 0.545332 0.659296 0.074425 0.120036
13 0.576455 0.642599 0.056834 0.124549
19 0.327808 0.628159 0.125169 0.171480
19 0.309878 0.601083 0.129905 0.138989
19 0.279432 0.587094 0.106901 0.143502
19 0.256766 0.570397 0.160352 0.133574
19 0.184032 0.533845 0.108254 0.134477
19 0.192490 0.541065 0.103518 0.129061
18 0.341678 0.430054 0.037889 0.046029
18 0.312585 0.420578 0.028417 0.045126
18 0.278078 0.404783 0.032476 0.047834
10 0.618065 0.656588 0.035859 0.053249
10 0.599797 0.617780 0.035859 0.049639
10 0.582206 0.541968 0.035859 0.046029
10 0.604195 0.570848 0.032476 0.035199
10 0.623478 0.601534 0.031800 0.044224
10 0.642760 0.644856 0.021651 0.044224
10 0.650203 0.592960 0.028417 0.043321
10 0.600474 0.518502 0.029093 0.042419
10 0.626184 0.510830 0.029093 0.048736
10 0.685047 0.572202 0.027740 0.045126
10 0.665426 0.615072 0.018268 0.022563
10 0.684032 0.604693 0.020298 0.021661
10 0.713126 0.597473 0.028417 0.048736
10 0.709405 0.553249 0.033153 0.045126
10 0.664411 0.501354 0.040595 0.046029
10 0.693166 0.492329 0.027740 0.037004
10 0.703654 0.480596 0.028417 0.042419
10 0.745940 0.532491 0.027740 0.039711
10 0.726658 0.543321 0.024357 0.036101
17 0.479026 0.463899 0.029770 0.036101
17 0.446888 0.469765 0.035859 0.040614
6 0.536536 0.281588 0.027064 0.052347
6 0.558187 0.282491 0.024357 0.050542
6 0.577470 0.275722 0.030447 0.046029
6 0.598782 0.275271 0.021651 0.043321
6 0.615697 0.271209 0.024357 0.044224
6 0.643437 0.267148 0.021651 0.041516
6 0.658660 0.265343 0.022327 0.037906
6 0.674560 0.264440 0.023004 0.039711
6 0.685047 0.255415 0.022327 0.037906
6 0.722936 0.259025 0.019621 0.039711
6 0.540934 0.324458 0.026387 0.033394
6 0.561908 0.324007 0.025034 0.032491
6 0.580176 0.319946 0.025034 0.033394
6 0.598782 0.319043 0.023004 0.031588
6 0.617050 0.312726 0.021651 0.031588
11 0.789919 0.537004 0.023681 0.030686
11 0.803451 0.527527 0.016915 0.031588
11 0.813938 0.517148 0.018945 0.025271
11 0.834574 0.506318 0.023681 0.030686
11 0.806157 0.473375 0.018268 0.031588
11 0.793978 0.481949 0.019621 0.027076
11 0.780447 0.486462 0.019621 0.027076
11 0.768268 0.493682 0.018268 0.034296
11 0.712449 0.463448 0.020298 0.035199
11 0.723275 0.457581 0.023004 0.036101
11 0.741204 0.451715 0.022327 0.033394
11 0.757104 0.446300 0.017591 0.037004
11 0.772666 0.440433 0.014885 0.034296
32 0.802097 0.341606 0.029093 0.046029
37 0.559202 0.433664 0.037212 0.047834
37 0.579499 0.422834 0.041272 0.051444
37 0.607240 0.420126 0.026387 0.040614
37 0.609608 0.382220 0.032476 0.047834
37 0.631597 0.413357 0.027740 0.043321
37 0.634641 0.374549 0.029770 0.041516
37 0.649526 0.365523 0.024357 0.036101
37 0.669486 0.359657 0.023681 0.033394
37 0.687415 0.361011 0.023004 0.034296
21 0.523681 0.421480 0.033829 0.063177
21 0.507442 0.430505 0.043302 0.046931
