13 0.544317 0.639440 0.076455 0.174188
13 0.534506 0.896209 0.073072 0.207581
13 0.370433 0.720668 0.052097 0.183213
13 0.417118 0.766245 0.054804 0.194946
13 0.464479 0.824910 0.058863 0.225632
13 0.629567 0.920578 0.087280 0.158845
29 0.676590 0.842960 0.109608 0.314079
29 0.780447 0.742329 0.164411 0.266245
29 0.809202 0.709838 0.159675 0.224729
29 0.837280 0.662004 0.160352 0.219314
29 0.888363 0.587094 0.156969 0.157942
35 0.652233 0.510830 0.071719 0.070397
35 0.595737 0.515794 0.042625 0.082130
35 0.578484 0.445848 0.066306 0.063177
35 0.686062 0.433213 0.063599 0.046931
35 0.720230 0.482401 0.035859 0.064079
35 0.762855 0.443141 0.054804 0.068592
35 0.740866 0.393502 0.046008 0.046931
13 0.449594 0.589350 0.045332 0.128159
13 0.488160 0.611913 0.060217 0.137184
35 0.561570 0.502708 0.031123 0.068592
6 0.320704 0.647563 0.059540 0.064079
6 0.411028 0.553249 0.053451 0.070397
6 0.351488 0.569043 0.058863 0.071300
6 0.385995 0.503159 0.056157 0.055054
6 0.288566 0.553700 0.053451 0.055054
6 0.245264 0.634477 0.045332 0.072202
6 0.359269 0.459386 0.054127 0.063177
6 0.296008 0.430054 0.042625 0.044224
6 0.246279 0.534747 0.040595 0.055054
6 0.220230 0.509477 0.045332 0.049639
6 0.355210 0.245939 0.028417 0.071300
6 0.320704 0.224729 0.033829 0.075812
4 0.167794 0.475632 0.086604 0.124549
1 0.123478 0.494134 0.025034 0.053249
1 0.143775 0.413809 0.035859 0.058664
1 0.110961 0.477437 0.023004 0.064982
1 0.094046 0.462996 0.018945 0.055957
1 0.123478 0.405686 0.037212 0.069495
1 0.116373 0.393953 0.037889 0.071300
1 0.084912 0.448105 0.018268 0.056859
1 0.040257 0.408394 0.023681 0.073105
1 0.030108 0.398466 0.025034 0.067690
1 0.019621 0.386733 0.020298 0.062274
6 0.267591 0.205325 0.030447 0.065884
39 0.458390 0.462996 0.046685 0.070397
39 0.515900 0.472022 0.037212 0.077617
39 0.486806 0.458935 0.031800 0.067690
39 0.424899 0.431859 0.039242 0.069495
39 0.389039 0.421931 0.037889 0.062274
39 0.495940 0.310018 0.041949 0.076715
39 0.462449 0.292870 0.041272 0.071300
39 0.429635 0.280235 0.036536 0.067690
39 0.396820 0.253610 0.029093 0.061372
39 0.511502 0.245939 0.039242 0.073105
39 0.552774 0.234657 0.028417 0.081227
39 0.468200 0.227437 0.036536 0.066787
39 0.328146 0.381769 0.029770 0.054152
39 0.284506 0.360560 0.033153 0.053249
39 0.260825 0.351986 0.025034 0.052347
39 0.240189 0.332581 0.027064 0.051444
39 0.221583 0.320848 0.020974 0.047834
