13 0.507442 0.660199 0.102842 0.166968
13 0.587957 0.648014 0.092016 0.160650
13 0.501015 0.856949 0.095399 0.192238
13 0.417794 0.842960 0.079161 0.187726
13 0.678620 0.782040 0.067659 0.181408
13 0.750677 0.570397 0.092693 0.135379
13 0.816644 0.581679 0.085250 0.139892
13 0.781800 0.726083 0.076455 0.161552
13 0.848106 0.723375 0.054804 0.141697
13 0.897835 0.686823 0.048714 0.140794
14 0.755751 0.363267 0.062246 0.105596
14 0.691137 0.372292 0.069689 0.109206
4 0.308525 0.475181 0.033829 0.127256
4 0.289919 0.454874 0.016915 0.119134
4 0.334912 0.462545 0.036536 0.087545
15 0.478011 0.444043 0.080514 0.066787
10 0.601150 0.370036 0.073748 0.084838
15 0.452639 0.541516 0.081191 0.055957
15 0.398512 0.599729 0.075778 0.064079
2 0.730041 0.248195 0.069012 0.074007
2 0.694858 0.223827 0.051421 0.066787
22 0.806834 0.369585 0.043978 0.067690
22 0.812923 0.350181 0.045332 0.070397
10 0.525372 0.415162 0.068336 0.075812
