10 0.190234 0.535417 0.041406 0.073611
10 0.240234 0.548611 0.047656 0.077778
10 0.276953 0.534722 0.033594 0.069444
9 0.321094 0.527778 0.054688 0.102778
9 0.308984 0.462500 0.046094 0.063889
9 0.344531 0.484722 0.035937 0.063889
9 0.389844 0.476389 0.040625 0.063889
36 0.432812 0.515278 0.057813 0.091667
27 0.803125 0.459028 0.051562 0.109722
27 0.782422 0.369444 0.053906 0.086111
27 0.862891 0.367361 0.050781 0.079167
27 0.892188 0.446528 0.040625 0.098611
27 0.858594 0.464583 0.050000 0.098611
8 0.071094 0.798611 0.065625 0.097222
8 0.134766 0.795139 0.063281 0.090278
8 0.140234 0.839583 0.067969 0.070833
8 0.139453 0.906250 0.071094 0.109722
8 0.076953 0.893750 0.067969 0.098611
8 0.083984 0.745139 0.055469 0.070833
