2 0.252368 0.398917 0.036536 0.034296
2 0.292287 0.401173 0.040595 0.033394
2 0.336942 0.404332 0.041949 0.034296
2 0.341340 0.368231 0.041272 0.034296
2 0.300068 0.367329 0.043978 0.039711
2 0.384980 0.370036 0.043302 0.034296
2 0.380920 0.406137 0.040595 0.036101
2 0.483424 0.407040 0.026387 0.050542
2 0.511164 0.404783 0.029093 0.055054
2 0.539581 0.406137 0.025034 0.046931
2 0.565968 0.410199 0.027740 0.046029
2 0.593708 0.412455 0.026387 0.046931
2 0.624154 0.412004 0.029093 0.049639
2 0.651218 0.415162 0.029093 0.046931
7 0.675237 0.411552 0.036536 0.061372
7 0.706022 0.407942 0.033153 0.066787
7 0.666779 0.362365 0.026387 0.049639
6 0.193166 0.481949 0.038566 0.050542
6 0.165426 0.478791 0.037212 0.049639
22 0.229364 0.482401 0.025710 0.058664
22 0.250338 0.482852 0.021651 0.059567
22 0.271651 0.484206 0.020974 0.056859
22 0.291949 0.484206 0.022327 0.060469
40 0.309878 0.498195 0.021651 0.036101
40 0.331191 0.499549 0.023681 0.035199
40 0.355548 0.498195 0.025034 0.041516
40 0.377537 0.502708 0.021651 0.037906
40 0.354195 0.456679 0.020974 0.036101
40 0.375507 0.459386 0.021651 0.037906
40 0.332544 0.456227 0.020974 0.035199
11 0.401894 0.497292 0.027064 0.045126
11 0.430311 0.496841 0.029770 0.049639
11 0.505751 0.498195 0.027740 0.046931
11 0.531800 0.503159 0.025710 0.046029
11 0.558863 0.504513 0.027064 0.045126
19 0.378214 0.615975 0.012179 0.156137
19 0.393437 0.614170 0.016915 0.150722
19 0.403924 0.619134 0.014885 0.128159
19 0.419824 0.623195 0.015562 0.132671
19 0.434371 0.619585 0.014885 0.134477
19 0.446549 0.623195 0.013532 0.134477
19 0.461434 0.619585 0.014885 0.150722
19 0.475643 0.622744 0.014885 0.140794
19 0.492558 0.623646 0.018945 0.140794
19 0.510487 0.608755 0.026387 0.129061
19 0.526725 0.610108 0.025034 0.126354
19 0.364682 0.619134 0.014885 0.149819
19 0.348782 0.620487 0.016915 0.150722
19 0.333559 0.611913 0.014885 0.140794
19 0.317321 0.609657 0.020298 0.143502
19 0.296685 0.613718 0.015562 0.151625
19 0.279093 0.608303 0.020974 0.158845
19 0.264547 0.601986 0.023004 0.131769
19 0.167118 0.601083 0.031123 0.131769
19 0.220907 0.592058 0.027740 0.140794
19 0.244587 0.599278 0.031800 0.124549
19 0.549391 0.612816 0.028417 0.108303
19 0.578146 0.622744 0.027740 0.126354
19 0.593369 0.615072 0.032476 0.125451
10 0.585589 0.502708 0.026387 0.046931
10 0.615020 0.501805 0.031123 0.055957
10 0.645467 0.506318 0.028417 0.046931
10 0.674560 0.507220 0.028417 0.046931
10 0.706698 0.509025 0.030447 0.041516
10 0.739513 0.512635 0.033829 0.037906
10 0.752030 0.498646 0.029093 0.035199
10 0.773681 0.514440 0.033153 0.036101
10 0.735453 0.470668 0.033829 0.033394
10 0.702639 0.470668 0.033153 0.037004
9 0.804127 0.492329 0.042625 0.058664
9 0.773681 0.404783 0.037212 0.076715
25 0.860622 0.638087 0.079838 0.129964
25 0.832882 0.637184 0.056834 0.126354
18 0.019283 0.662906 0.037212 0.060469
18 0.144452 0.585740 0.034506 0.052347
18 0.133965 0.666516 0.028417 0.062274
18 0.051759 0.666968 0.030447 0.063177
18 0.112314 0.609206 0.035183 0.059567
