0 0.263482 0.447396 0.040445 0.061458
8 0.364302 0.517708 0.056858 0.091667
8 0.262309 0.545833 0.054513 0.077083
8 0.299824 0.564583 0.055686 0.081250
8 0.297773 0.678646 0.052755 0.115625
8 0.345252 0.691146 0.058617 0.119792
8 0.379836 0.595313 0.057444 0.082292
8 0.226260 0.641667 0.052755 0.093750
8 0.197245 0.613021 0.043962 0.086458
8 0.162954 0.679688 0.049238 0.076042
8 0.191970 0.700521 0.040445 0.092708
8 0.228605 0.725521 0.036342 0.092708
8 0.266413 0.753125 0.038101 0.087500
8 0.311254 0.769271 0.045721 0.086458
8 0.366940 0.773438 0.059789 0.088542
10 0.131008 0.670833 0.038101 0.077083
23 0.326788 0.386458 0.040445 0.133333
23 0.380422 0.392708 0.048066 0.129167
23 0.419402 0.404687 0.062720 0.134375
23 0.499414 0.425521 0.051583 0.153125
15 0.480363 0.767188 0.058030 0.098958
15 0.447538 0.841146 0.055686 0.105208
15 0.499414 0.873437 0.050410 0.119792
15 0.560082 0.907292 0.063892 0.129167
15 0.628370 0.936458 0.069168 0.093750
15 0.591442 0.752604 0.059789 0.092708
15 0.535463 0.792708 0.054513 0.085417
15 0.525498 0.709896 0.053341 0.078125
15 0.608441 0.846354 0.056272 0.088542
23 0.544842 0.417708 0.040445 0.147917
19 0.695487 0.532813 0.102579 0.148958
19 0.709848 0.517188 0.082063 0.153125
19 0.717468 0.469792 0.089097 0.139583
19 0.725967 0.461458 0.081477 0.110417
19 0.730657 0.446354 0.072098 0.098958
