11 0.114005 0.318592 0.056157 0.074007
11 0.172192 0.317690 0.053451 0.072202
11 0.124831 0.438177 0.062923 0.076715
11 0.051759 0.433664 0.072395 0.073105
11 0.179973 0.418773 0.056834 0.075812
11 0.298714 0.426895 0.062923 0.084838
11 0.360284 0.436372 0.066982 0.083935
11 0.418133 0.435018 0.056834 0.077617
11 0.346076 0.320848 0.048038 0.074910
11 0.409337 0.329874 0.062246 0.076715
11 0.473275 0.425090 0.053451 0.097473
11 0.469892 0.319946 0.057510 0.078520
11 0.645467 0.435018 0.070365 0.090253
11 0.590325 0.434567 0.045332 0.087545
34 0.238836 0.412906 0.055480 0.078520
6 0.167794 0.666065 0.081191 0.106498
6 0.300744 0.664260 0.075101 0.102888
11 0.736130 0.415162 0.073072 0.092058
11 0.789919 0.436372 0.071042 0.089350
11 0.852165 0.432310 0.068336 0.075812
11 0.766576 0.322202 0.064953 0.070397
