17 0.160352 0.583032 0.063599 0.075812
17 0.284168 0.552347 0.044655 0.068592
17 0.247294 0.515343 0.037212 0.063177
17 0.215494 0.581227 0.049391 0.070397
26 0.332544 0.536101 0.050744 0.061372
10 0.491881 0.344765 0.052774 0.043321
10 0.535521 0.338448 0.050744 0.045126
10 0.596414 0.322202 0.042625 0.046931
40 0.655616 0.316787 0.029770 0.032491
40 0.609608 0.265343 0.027064 0.028881
40 0.680311 0.250903 0.022327 0.032491
40 0.639378 0.300993 0.020298 0.026173
40 0.659675 0.254513 0.017591 0.032491
35 0.458051 0.749097 0.066306 0.059567
35 0.608931 0.627708 0.059540 0.047834
35 0.650203 0.608755 0.036536 0.056859
35 0.578823 0.573556 0.046685 0.055054
35 0.610284 0.555054 0.039242 0.052347
35 0.648173 0.531137 0.037889 0.056859
35 0.689445 0.584838 0.041949 0.043321
35 0.722260 0.650722 0.045332 0.057762
35 0.706360 0.510830 0.054127 0.045126
35 0.731055 0.496841 0.039919 0.038809
35 0.723275 0.575812 0.046008 0.050542
35 0.759811 0.596119 0.044655 0.062274
35 0.784168 0.525722 0.046008 0.049639
35 0.818674 0.583032 0.047361 0.041516
6 0.800744 0.460740 0.043978 0.037004
6 0.815291 0.448556 0.037889 0.036101
6 0.824425 0.510379 0.046685 0.040614
6 0.854195 0.494134 0.035859 0.035199
6 0.846752 0.552347 0.048038 0.046931
6 0.881597 0.541516 0.037889 0.037906
