9 0.292204 0.565104 0.102579 0.142708
9 0.325909 0.635417 0.092614 0.141667
9 0.365475 0.706250 0.106096 0.133333
9 0.352872 0.825521 0.116061 0.138542
9 0.361372 0.935937 0.104924 0.128125
9 0.475381 0.829167 0.089097 0.195833
9 0.419988 0.596354 0.095545 0.169792
25 0.638921 0.652083 0.150059 0.160417
25 0.618992 0.721354 0.141852 0.128125
25 0.701641 0.861979 0.131301 0.244792
19 0.291618 0.175521 0.243259 0.048958
19 0.288687 0.210417 0.131887 0.035417
23 0.311547 0.285417 0.121336 0.112500
