11 0.411367 0.492780 0.037889 0.052347
11 0.436739 0.515343 0.037212 0.059567
11 0.472598 0.533845 0.048038 0.053249
11 0.521651 0.535650 0.046008 0.053249
11 0.567997 0.520307 0.041272 0.047834
11 0.603857 0.508574 0.041272 0.047834
11 0.680311 0.495487 0.033153 0.055957
19 0.413058 0.805054 0.046685 0.314079
19 0.499662 0.792870 0.048038 0.298736
19 0.543302 0.759928 0.094723 0.267148
19 0.345061 0.752256 0.106901 0.298736
19 0.390392 0.795578 0.054127 0.325812
19 0.565291 0.747292 0.096752 0.279783
19 0.698579 0.699910 0.102165 0.228339
19 0.664750 0.706679 0.104871 0.252708
19 0.639039 0.710740 0.102165 0.259025
6 0.759472 0.756769 0.061570 0.073105
6 0.775710 0.719765 0.075101 0.074910
6 0.813261 0.719765 0.046008 0.080325
6 0.831191 0.702166 0.052097 0.068592
6 0.732747 0.620036 0.046008 0.066787
6 0.770974 0.649368 0.056157 0.062274
6 0.817659 0.647563 0.045332 0.044224
6 0.734438 0.570397 0.045332 0.032491
