8 0.152909 0.328520 0.040595 0.048736
8 0.129229 0.309567 0.033829 0.036101
8 0.118403 0.360560 0.036536 0.040614
8 0.158322 0.367329 0.037889 0.039711
8 0.123478 0.400722 0.042625 0.039711
2 0.429973 0.190433 0.027740 0.037906
2 0.404601 0.184567 0.031123 0.038809
2 0.375169 0.181408 0.030447 0.036101
13 0.284168 0.527978 0.033829 0.119134
13 0.310217 0.562726 0.026387 0.132671
13 0.342016 0.576715 0.033153 0.119134
13 0.384641 0.399368 0.041272 0.101986
13 0.351488 0.388087 0.037212 0.102888
13 0.325778 0.375451 0.031800 0.101083
13 0.294993 0.361913 0.029770 0.090253
19 0.395467 0.583484 0.084574 0.201264
19 0.417118 0.603339 0.075101 0.190433
19 0.428620 0.613267 0.069689 0.222924
19 0.443505 0.623195 0.072395 0.233755
19 0.474628 0.676444 0.060217 0.212094
19 0.519959 0.723827 0.076455 0.129964
31 0.543302 0.760830 0.070365 0.160650
31 0.609946 0.777527 0.079161 0.159747
31 0.667456 0.797834 0.085927 0.173285
31 0.708728 0.741426 0.079161 0.156137
31 0.747632 0.697653 0.066306 0.144404
31 0.784844 0.666968 0.075778 0.128159
31 0.815629 0.630415 0.061570 0.129061
31 0.840325 0.610560 0.067659 0.111011
31 0.876861 0.578069 0.067659 0.125451
31 0.932003 0.544224 0.066982 0.104693
13 0.256428 0.511282 0.025710 0.096570
13 0.237483 0.487816 0.032476 0.112816
13 0.269621 0.345668 0.031800 0.095668
13 0.247970 0.338448 0.031800 0.092058
