16 0.765826 0.792188 0.061547 0.165625
16 0.694021 0.788021 0.067995 0.169792
16 0.609906 0.791146 0.065064 0.161458
16 0.549531 0.785937 0.054513 0.157292
16 0.470399 0.783333 0.059203 0.158333
16 0.406800 0.785937 0.060961 0.161458
16 0.410903 0.632292 0.053927 0.150000
16 0.475088 0.635417 0.060375 0.139583
16 0.544256 0.636979 0.058030 0.140625
16 0.604924 0.640625 0.060961 0.135417
16 0.679953 0.646875 0.067995 0.135417
16 0.748242 0.641667 0.062720 0.137500
16 0.417057 0.398958 0.055686 0.104167
16 0.545721 0.397917 0.049238 0.104167
16 0.600821 0.400521 0.053927 0.105208
16 0.741794 0.395313 0.059203 0.115625
16 0.411782 0.131250 0.047479 0.106250
16 0.466295 0.142708 0.056858 0.106250
16 0.542497 0.128646 0.053341 0.111458
16 0.603458 0.133854 0.054513 0.109375
16 0.677022 0.130208 0.053927 0.106250
16 0.735346 0.124479 0.061547 0.113542
