4 0.241501 0.344271 0.064478 0.059375
4 0.265826 0.307292 0.072098 0.047917
4 0.083822 0.375000 0.109027 0.064583
4 0.135991 0.391146 0.118406 0.078125
4 0.236811 0.387500 0.063306 0.060417
4 0.132474 0.493229 0.077374 0.092708
4 0.102286 0.581771 0.074443 0.061458
4 0.101114 0.630729 0.074443 0.069792
4 0.430832 0.379688 0.093787 0.090625
4 0.429660 0.427083 0.099648 0.079167
7 0.386870 0.725000 0.098476 0.122917
7 0.600234 0.487500 0.094959 0.058333
7 0.674091 0.478646 0.070340 0.065625
7 0.519343 0.626563 0.085580 0.086458
31 0.340270 0.565104 0.092028 0.109375
31 0.320926 0.629167 0.103751 0.093750
