33 0.175913 0.752256 0.096076 0.145307
31 0.221922 0.779783 0.067659 0.095668
9 0.395467 0.686823 0.110284 0.093863
9 0.333559 0.801895 0.066306 0.136282
9 0.394452 0.798285 0.069012 0.125451
9 0.447226 0.819495 0.069012 0.124549
9 0.520298 0.823105 0.071719 0.120939
9 0.586604 0.826715 0.066306 0.140794
31 0.829838 0.740975 0.171177 0.138989
31 0.810555 0.824910 0.146143 0.122744
31 0.939107 0.822202 0.121786 0.131769
31 0.740528 0.533394 0.114344 0.043321
9 0.862652 0.692690 0.124493 0.114621
9 0.706360 0.677347 0.078484 0.118231
9 0.711434 0.800542 0.087280 0.137184
22 0.952300 0.679603 0.092693 0.063177
22 0.960081 0.728791 0.079838 0.055054
