37 0.276964 0.368229 0.048652 0.059375
37 0.311841 0.358854 0.041032 0.055208
10 0.339390 0.381250 0.044549 0.072917
10 0.388042 0.385417 0.038687 0.072917
10 0.431419 0.394271 0.042204 0.061458
10 0.469812 0.387500 0.039273 0.077083
11 0.511430 0.250000 0.022860 0.047917
11 0.535170 0.253646 0.030481 0.048958
11 0.555979 0.259896 0.025205 0.040625
11 0.524326 0.200521 0.033411 0.040625
34 0.641266 0.200000 0.028136 0.047917
34 0.676729 0.223958 0.035756 0.058333
34 0.707503 0.256250 0.035170 0.060417
34 0.746776 0.249479 0.036342 0.044792
34 0.741794 0.211458 0.026377 0.045833
34 0.619578 0.255208 0.031653 0.058333
34 0.663540 0.264062 0.039859 0.046875
18 0.513189 0.329167 0.038101 0.045833
18 0.545428 0.380208 0.024033 0.072917
18 0.576202 0.396354 0.041032 0.076042
18 0.606682 0.393750 0.032825 0.064583
18 0.567116 0.335938 0.041618 0.065625
2 0.684642 0.402604 0.041032 0.069792
2 0.737397 0.407813 0.041032 0.073958
2 0.696366 0.355729 0.039859 0.044792
2 0.735932 0.361979 0.039273 0.048958
6 0.633060 0.531771 0.038687 0.061458
6 0.712485 0.535937 0.040445 0.067708
6 0.745897 0.537500 0.042790 0.060417
6 0.664127 0.534896 0.032825 0.065625
6 0.643318 0.611979 0.036928 0.067708
6 0.658558 0.686458 0.058030 0.087500
6 0.748242 0.617708 0.042790 0.064583
6 0.731243 0.663542 0.043962 0.050000
6 0.777843 0.694792 0.043376 0.087500
6 0.825615 0.708854 0.053341 0.090625
10 0.464244 0.532813 0.044549 0.076042
10 0.427022 0.532813 0.038101 0.067708
10 0.388628 0.537500 0.039859 0.072917
10 0.357562 0.502604 0.039859 0.061458
10 0.345838 0.535937 0.044549 0.063542
10 0.465123 0.593750 0.041618 0.060417
10 0.460141 0.632292 0.048066 0.054167
10 0.413834 0.629167 0.045721 0.064583
10 0.374267 0.629167 0.041618 0.068750
10 0.332063 0.632812 0.043962 0.067708
10 0.336166 0.686979 0.052169 0.073958
10 0.384232 0.691146 0.046307 0.073958
10 0.427902 0.692708 0.044549 0.072917
10 0.471864 0.691146 0.046893 0.084375
7 0.880715 0.406250 0.041618 0.079167
