22 0.683177 0.587500 0.031067 0.141667
22 0.647128 0.590104 0.035170 0.136458
22 0.613716 0.589583 0.030481 0.125000
22 0.582356 0.582812 0.031067 0.136458
22 0.548945 0.587500 0.032239 0.137500
22 0.513189 0.593750 0.024033 0.116667
22 0.486518 0.586979 0.026964 0.121875
22 0.451641 0.590625 0.039273 0.116667
2 0.728312 0.583333 0.049824 0.116667
2 0.765240 0.581771 0.047479 0.111458
2 0.811547 0.591667 0.045135 0.118750
2 0.852579 0.584896 0.039273 0.119792
2 0.927022 0.557813 0.047479 0.109375
2 0.776671 0.462500 0.043376 0.114583
2 0.810668 0.418229 0.041032 0.113542
2 0.848476 0.420312 0.041618 0.105208
2 0.888042 0.411979 0.036342 0.107292
2 0.930246 0.409896 0.046893 0.111458
2 0.714830 0.235937 0.045135 0.101042
2 0.759379 0.236458 0.042790 0.108333
2 0.796014 0.231250 0.042204 0.114583
2 0.849355 0.233333 0.037515 0.106250
2 0.884525 0.232292 0.033998 0.112500
2 0.934936 0.242708 0.043376 0.104167
2 0.953400 0.092708 0.035756 0.106250
2 0.907972 0.104688 0.037515 0.109375
2 0.868699 0.098958 0.038687 0.112500
2 0.830305 0.096875 0.039273 0.097917
2 0.791032 0.092188 0.039273 0.107292
2 0.752052 0.094271 0.035170 0.098958
2 0.711313 0.087500 0.041618 0.097917
