9 0.425557 0.742708 0.080891 0.170833
9 0.486225 0.706250 0.074443 0.172917
9 0.533118 0.682813 0.069754 0.146875
9 0.369871 0.720313 0.082063 0.178125
9 0.430832 0.586979 0.070340 0.096875
9 0.481829 0.563021 0.070340 0.113542
9 0.453986 0.466146 0.060375 0.105208
9 0.429367 0.161979 0.049824 0.130208
9 0.479777 0.143750 0.041618 0.118750
22 0.420574 0.353125 0.032239 0.087500
22 0.457210 0.363542 0.031653 0.070833
22 0.475088 0.358333 0.028722 0.068750
22 0.491501 0.342708 0.024033 0.075000
22 0.510551 0.348958 0.021102 0.050000
22 0.328839 0.298958 0.037515 0.062500
22 0.351993 0.302604 0.035756 0.057292
22 0.376319 0.322917 0.045721 0.058333
12 0.333236 0.672396 0.063892 0.192708
12 0.298945 0.614062 0.052755 0.167708
12 0.273447 0.600521 0.041618 0.161458
12 0.244725 0.578125 0.032239 0.137500
12 0.228019 0.549479 0.042204 0.136458
12 0.287515 0.453646 0.038101 0.088542
12 0.313599 0.476042 0.044549 0.091667
12 0.340563 0.497396 0.044549 0.101042
12 0.394783 0.535417 0.056858 0.100000
12 0.415592 0.453125 0.039859 0.100000
12 0.388335 0.435417 0.036928 0.089583
12 0.364302 0.422917 0.033411 0.077083
12 0.344959 0.408333 0.029894 0.077083
25 0.557151 0.582292 0.121336 0.200000
25 0.569461 0.565104 0.118992 0.176042
25 0.586166 0.535937 0.105510 0.167708
25 0.595252 0.507812 0.081477 0.163542
25 0.621336 0.511458 0.077374 0.191667
25 0.640973 0.486458 0.075615 0.204167
25 0.647714 0.468229 0.060961 0.167708
25 0.664420 0.461979 0.061547 0.169792
25 0.684056 0.447396 0.051583 0.159375
25 0.706331 0.432292 0.058617 0.137500
25 0.723036 0.432292 0.065064 0.162500
27 0.565064 0.295312 0.072685 0.103125
27 0.600821 0.275521 0.060961 0.094792
27 0.629543 0.266146 0.052755 0.094792
27 0.654455 0.260417 0.053341 0.072917
27 0.675264 0.253125 0.044549 0.062500
27 0.702227 0.247396 0.045721 0.067708
19 0.200469 0.414062 0.116061 0.190625
19 0.216882 0.431771 0.113716 0.201042
27 0.798066 0.404687 0.049824 0.086458
