4 0.364621 0.112991 0.268953 0.078484
4 0.299639 0.204330 0.137184 0.062246
4 0.283845 0.147497 0.141697 0.070365
17 0.225181 0.414411 0.092960 0.087280
22 0.264892 0.510487 0.118231 0.115697
22 0.331227 0.505751 0.061372 0.119756
22 0.393953 0.514885 0.058664 0.124493
22 0.430505 0.493572 0.068592 0.115697
22 0.476534 0.519621 0.054152 0.109608
22 0.539260 0.515223 0.064079 0.094046
22 0.608303 0.492896 0.063177 0.098106
29 0.406137 0.598444 0.323105 0.039919
39 0.487816 0.290257 0.073105 0.063599
39 0.409296 0.294655 0.076715 0.075101
36 0.808213 0.610622 0.085740 0.134641
