25 0.371923 0.691667 0.079132 0.287500
25 0.403283 0.697917 0.064478 0.285417
25 0.464244 0.652083 0.053927 0.250000
25 0.510551 0.687500 0.058617 0.145833
25 0.520223 0.625000 0.068581 0.247917
14 0.446073 0.420312 0.049238 0.115625
14 0.496190 0.414583 0.043962 0.108333
14 0.414420 0.408854 0.039859 0.130208
14 0.531067 0.394271 0.036342 0.109375
14 0.566530 0.385937 0.040445 0.109375
27 0.604045 0.551562 0.075615 0.109375
27 0.552169 0.483333 0.060961 0.095833
27 0.596424 0.470313 0.061547 0.080208
27 0.558910 0.689063 0.069754 0.119792
27 0.616354 0.671354 0.059203 0.119792
27 0.653869 0.653125 0.033411 0.116667
9 0.621630 0.180729 0.056858 0.073958
9 0.674385 0.237500 0.045135 0.087500
9 0.723329 0.223438 0.043376 0.092708
9 0.583822 0.258854 0.041032 0.090625
9 0.614889 0.252083 0.046893 0.085417
24 0.718054 0.601042 0.041032 0.135417
12 0.729484 0.432292 0.065064 0.079167
12 0.756741 0.429688 0.044549 0.065625
12 0.788101 0.570312 0.028722 0.107292
12 0.817702 0.559896 0.035170 0.107292
12 0.840856 0.541667 0.033411 0.112500
23 0.729777 0.350000 0.028136 0.087500
23 0.755275 0.340625 0.020516 0.102083
23 0.774326 0.340104 0.017585 0.090625
23 0.791618 0.338542 0.016999 0.102083
0 0.817116 0.421354 0.049238 0.080208
0 0.817409 0.367188 0.045135 0.069792
0 0.883939 0.447396 0.055100 0.086458
0 0.881008 0.523438 0.045721 0.094792
0 0.915299 0.515625 0.038101 0.081250
