27 0.762179 0.549188 0.042625 0.053249
27 0.801083 0.546480 0.043302 0.051444
27 0.842693 0.540162 0.050744 0.047834
27 0.917118 0.571751 0.068336 0.060469
27 0.971245 0.645307 0.054804 0.077617
27 0.931664 0.643953 0.050068 0.085740
27 0.894790 0.649368 0.050744 0.080325
27 0.851827 0.648917 0.052774 0.083032
27 0.826455 0.587094 0.045332 0.049639
27 0.783829 0.588899 0.053451 0.044224
32 0.817321 0.469314 0.040595 0.050542
32 0.770298 0.481498 0.042625 0.064079
32 0.829838 0.461643 0.033153 0.058664
12 0.062246 0.663357 0.067659 0.093863
12 0.131597 0.658394 0.066982 0.098375
12 0.153586 0.578971 0.063599 0.062274
12 0.089310 0.577617 0.040595 0.059567
2 0.174222 0.672383 0.045332 0.063177
2 0.220568 0.671480 0.048714 0.061372
2 0.189445 0.615523 0.043302 0.057762
2 0.270298 0.591606 0.050744 0.042419
2 0.316306 0.586191 0.046685 0.038809
2 0.364682 0.575361 0.050068 0.042419
2 0.412382 0.585740 0.043978 0.043321
2 0.459066 0.581679 0.049391 0.046029
2 0.464817 0.632671 0.050068 0.045126
2 0.468877 0.680505 0.050068 0.046931
2 0.420162 0.679603 0.040595 0.041516
2 0.363329 0.642148 0.043302 0.037004
2 0.370433 0.680054 0.043978 0.044224
2 0.315968 0.682762 0.051421 0.040614
2 0.316982 0.639440 0.048038 0.047834
2 0.264885 0.645307 0.048038 0.050542
2 0.264208 0.689531 0.052097 0.046931
18 0.224628 0.488718 0.037889 0.040614
18 0.223275 0.442238 0.036536 0.045126
18 0.264547 0.484657 0.035183 0.036101
18 0.263194 0.447653 0.031123 0.045126
18 0.298376 0.443141 0.039242 0.043321
18 0.302097 0.486011 0.035859 0.042419
18 0.334574 0.484657 0.037212 0.050542
18 0.369080 0.483755 0.035859 0.050542
18 0.464479 0.481047 0.034506 0.052347
26 0.181664 0.480144 0.026387 0.048736
26 0.155954 0.466606 0.029093 0.048736
7 0.190460 0.369585 0.035859 0.062274
22 0.269959 0.377256 0.021651 0.054152
22 0.291949 0.374097 0.019621 0.058664
22 0.312246 0.375000 0.015562 0.058664
22 0.330176 0.375451 0.020298 0.059567
22 0.347767 0.377708 0.016238 0.056859
22 0.367050 0.377708 0.020974 0.055054
22 0.387348 0.378610 0.016915 0.053249
22 0.405954 0.378159 0.017591 0.052347
22 0.424560 0.380866 0.019621 0.054152
22 0.443505 0.381318 0.016915 0.055054
22 0.463126 0.382671 0.019621 0.057762
22 0.479702 0.379061 0.017591 0.050542
6 0.498309 0.360560 0.020974 0.044224
6 0.583221 0.370036 0.031123 0.061372
6 0.610284 0.362365 0.027064 0.047834
6 0.634980 0.358755 0.031800 0.040614
6 0.663058 0.365072 0.029770 0.053249
6 0.689107 0.364170 0.030447 0.046029
6 0.716509 0.361011 0.029770 0.043321
10 0.732747 0.484657 0.028417 0.054152
10 0.699594 0.481047 0.032476 0.054152
10 0.665426 0.482401 0.033153 0.055054
10 0.631935 0.482401 0.033829 0.053249
10 0.598106 0.485108 0.033829 0.049639
10 0.565629 0.482852 0.035183 0.052347
10 0.531461 0.481949 0.034506 0.050542
10 0.498309 0.481949 0.033153 0.052347
10 0.512179 0.675993 0.037889 0.054152
10 0.549053 0.672834 0.038566 0.053249
10 0.586942 0.672383 0.037212 0.055957
10 0.624154 0.671931 0.037212 0.056859
10 0.714141 0.570848 0.033153 0.042419
10 0.687077 0.569495 0.030447 0.046931
10 0.662382 0.568592 0.027064 0.041516
10 0.635995 0.564982 0.027064 0.043321
10 0.609946 0.564079 0.034506 0.046931
10 0.621110 0.611011 0.037889 0.054152
10 0.584912 0.610560 0.037212 0.055054
10 0.574763 0.560921 0.035859 0.053249
10 0.537212 0.563177 0.033829 0.037906
10 0.545670 0.612365 0.037212 0.049639
10 0.505751 0.606949 0.041272 0.058664
10 0.502706 0.562726 0.036536 0.047834
10 0.659675 0.636282 0.035183 0.050542
10 0.686739 0.638538 0.036536 0.056859
10 0.715494 0.636733 0.035859 0.056859
10 0.729364 0.615975 0.036536 0.042419
