13 0.427943 0.763989 0.079161 0.157942
13 0.490189 0.737816 0.053451 0.121841
13 0.542625 0.714350 0.048714 0.145307
13 0.567321 0.697653 0.058863 0.129964
13 0.429635 0.627256 0.056834 0.083032
13 0.490528 0.619134 0.055480 0.079422
13 0.369418 0.750903 0.041949 0.155235
10 0.548038 0.565433 0.031123 0.051444
10 0.575101 0.551895 0.031123 0.046029
10 0.595061 0.539260 0.034506 0.049639
10 0.592355 0.621390 0.034506 0.053249
10 0.611976 0.607852 0.033153 0.046029
10 0.637686 0.591606 0.037212 0.047834
10 0.655616 0.571751 0.037889 0.044224
10 0.609269 0.708032 0.048038 0.051444
10 0.630582 0.683213 0.051421 0.052347
1 0.664750 0.389892 0.039919 0.066787
1 0.687077 0.385379 0.027740 0.061372
1 0.703315 0.377256 0.025034 0.061372
1 0.718877 0.372744 0.037212 0.050542
35 0.742896 0.379061 0.014885 0.039711
35 0.753721 0.375451 0.016238 0.032491
35 0.765900 0.372292 0.010825 0.029783
11 0.624154 0.523466 0.027740 0.036101
11 0.643775 0.517148 0.022327 0.037906
11 0.659675 0.505866 0.021651 0.035199
11 0.672869 0.500451 0.018268 0.037004
11 0.685724 0.490523 0.015562 0.033394
11 0.697564 0.481949 0.016238 0.034296
11 0.707375 0.476986 0.015562 0.031588
11 0.681326 0.564079 0.025710 0.037906
11 0.694520 0.551895 0.015562 0.038809
11 0.706360 0.543321 0.016238 0.036101
11 0.719215 0.533394 0.017591 0.032491
11 0.733085 0.525722 0.016915 0.031588
11 0.742219 0.517599 0.014885 0.035199
11 0.755074 0.511733 0.017591 0.030686
40 0.599120 0.318141 0.018268 0.046029
40 0.680311 0.304603 0.016915 0.035199
40 0.580176 0.327617 0.018268 0.039711
40 0.706360 0.298285 0.017591 0.037004
40 0.525034 0.290162 0.028417 0.027978
19 0.344046 0.651173 0.130582 0.217509
19 0.310893 0.648014 0.119756 0.198556
19 0.287212 0.638538 0.131935 0.188628
19 0.271313 0.615072 0.138024 0.181408
19 0.165765 0.561372 0.109608 0.144404
19 0.199932 0.578069 0.123816 0.157942
