35 0.670281 0.249479 0.062720 0.105208
35 0.575909 0.593750 0.063892 0.102083
35 0.660610 0.596875 0.078546 0.100000
35 0.700762 0.440625 0.072098 0.108333
35 0.783411 0.469271 0.075615 0.086458
35 0.770516 0.397396 0.062720 0.082292
35 0.815358 0.318229 0.049238 0.073958
35 0.746776 0.614062 0.053927 0.096875
35 0.860199 0.605729 0.054513 0.105208
35 0.915299 0.583854 0.063892 0.105208
35 0.883939 0.438542 0.035170 0.100000
5 0.462485 0.407813 0.078546 0.138542
5 0.358148 0.421354 0.083236 0.111458
5 0.244725 0.557292 0.094373 0.150000
5 0.260258 0.419792 0.082063 0.135417
5 0.163834 0.415625 0.106096 0.118750
5 0.049531 0.554688 0.097890 0.138542
5 0.123974 0.278646 0.113130 0.101042
