11 0.045135 0.581771 0.058617 0.065625
11 0.097011 0.589583 0.066237 0.058333
11 0.159730 0.596354 0.066237 0.048958
11 0.090270 0.521354 0.055100 0.071875
11 0.149766 0.500000 0.053341 0.062500
11 0.208089 0.502604 0.062134 0.063542
11 0.272860 0.499479 0.054513 0.067708
11 0.314478 0.554167 0.038101 0.066667
11 0.363716 0.503646 0.052169 0.059375
11 0.351993 0.556250 0.050996 0.072917
11 0.407093 0.546875 0.053341 0.085417
11 0.454865 0.565104 0.055100 0.080208
11 0.509965 0.574479 0.052755 0.084375
11 0.525205 0.523438 0.048066 0.076042
11 0.571805 0.597917 0.053341 0.062500
11 0.615182 0.520312 0.052169 0.078125
11 0.680539 0.536458 0.059789 0.081250
11 0.726260 0.506771 0.049238 0.067708
11 0.743552 0.564583 0.059203 0.060417
11 0.752052 0.613542 0.066823 0.060417
11 0.788687 0.507292 0.056858 0.060417
11 0.802755 0.554167 0.060375 0.064583
11 0.816237 0.610938 0.065064 0.067708
11 0.883060 0.514062 0.055686 0.065625
11 0.925850 0.583854 0.070926 0.082292
8 0.235639 0.423438 0.075029 0.086458
8 0.395955 0.406771 0.072098 0.111458
8 0.494431 0.428125 0.074443 0.077083
8 0.541618 0.407292 0.056272 0.112500
8 0.602579 0.395313 0.064478 0.126042
8 0.690504 0.425521 0.082063 0.088542
