6 0.033118 0.285417 0.061547 0.095833
18 0.156506 0.299479 0.050410 0.086458
18 0.362251 0.317188 0.048066 0.092708
10 0.401231 0.140104 0.062720 0.061458
2 0.841735 0.522917 0.082063 0.104167
2 0.868699 0.485938 0.059789 0.080208
2 0.860199 0.603125 0.069754 0.077083
2 0.903869 0.632292 0.060961 0.072917
17 0.703693 0.517708 0.041618 0.075000
17 0.742673 0.518750 0.036342 0.068750
17 0.728605 0.614062 0.039859 0.057292
17 0.743845 0.670833 0.046893 0.075000
17 0.765240 0.748437 0.060375 0.101042
6 0.155041 0.481771 0.053341 0.071875
6 0.109027 0.476042 0.049238 0.075000
6 0.067116 0.473958 0.053341 0.077083
6 0.021395 0.475000 0.041618 0.068750
6 0.031360 0.586458 0.059203 0.083333
11 0.458089 0.126562 0.040445 0.078125
11 0.506448 0.129688 0.044549 0.088542
11 0.538980 0.125521 0.028722 0.080208
11 0.675850 0.054167 0.041032 0.056250
11 0.637456 0.043750 0.038101 0.070833
11 0.536928 0.046354 0.035170 0.076042
