10 0.529308 0.636458 0.052755 0.110417
10 0.543669 0.746875 0.061547 0.112500
10 0.557737 0.857812 0.059203 0.126042
10 0.620164 0.870833 0.059789 0.139583
10 0.673798 0.861458 0.059203 0.131250
10 0.725381 0.836979 0.047479 0.136458
10 0.770223 0.818750 0.057444 0.108333
10 0.750000 0.718750 0.048652 0.097917
10 0.694314 0.689063 0.045135 0.105208
10 0.719226 0.597396 0.043376 0.092708
10 0.638042 0.742188 0.061547 0.080208
10 0.581184 0.628125 0.046307 0.110417
10 0.627784 0.621875 0.045721 0.108333
10 0.655920 0.581250 0.036342 0.095833
26 0.252638 0.444792 0.055100 0.125000
26 0.299824 0.456771 0.042790 0.128125
26 0.354045 0.453646 0.063306 0.103125
26 0.383353 0.372917 0.066823 0.104167
26 0.406800 0.463542 0.046893 0.077083
6 0.304513 0.218750 0.069754 0.095833
6 0.397421 0.234375 0.041032 0.081250
10 0.480363 0.373958 0.056858 0.085417
10 0.458675 0.452604 0.056858 0.096875
10 0.513189 0.453125 0.054513 0.087500
10 0.554513 0.344271 0.049238 0.076042
10 0.603458 0.342187 0.049824 0.080208
10 0.650059 0.341146 0.044549 0.073958
10 0.694900 0.340104 0.046307 0.076042
10 0.728605 0.436458 0.052755 0.093750
10 0.677022 0.440104 0.051583 0.090625
10 0.620457 0.447396 0.050996 0.088542
10 0.568875 0.452083 0.055686 0.081250
10 0.450762 0.348438 0.038687 0.082292
10 0.506448 0.348958 0.044549 0.070833
2 0.767292 0.439583 0.043376 0.070833
2 0.800996 0.436979 0.048652 0.076042
7 0.934642 0.422917 0.061547 0.089583
7 0.961313 0.416667 0.048066 0.087500
11 0.771981 0.230208 0.045721 0.087500
11 0.691970 0.228646 0.041618 0.109375
11 0.575322 0.233333 0.040445 0.091667
11 0.553341 0.218229 0.028136 0.094792
11 0.653576 0.236458 0.030481 0.093750
11 0.712485 0.153646 0.033411 0.067708
