4 0.273681 0.611462 0.064276 0.165162
4 0.251015 0.604242 0.060893 0.147112
4 0.221583 0.579422 0.058863 0.157040
25 0.299729 0.603339 0.070365 0.188628
25 0.322057 0.602888 0.085250 0.216606
25 0.391069 0.693141 0.054127 0.194946
25 0.432679 0.663357 0.088633 0.247292
25 0.459743 0.657942 0.079161 0.238267
25 0.483762 0.657491 0.075778 0.221119
25 0.497294 0.632220 0.086604 0.215704
25 0.522327 0.617329 0.097429 0.202166
10 0.511502 0.440884 0.037889 0.051444
19 0.723613 0.503610 0.111637 0.146209
19 0.736468 0.494585 0.103518 0.128159
19 0.754398 0.487816 0.101488 0.129061
19 0.766915 0.480596 0.095399 0.123646
19 0.777064 0.473827 0.099459 0.120939
19 0.786198 0.467960 0.100135 0.112816
19 0.797700 0.462545 0.101488 0.112816
19 0.802097 0.455776 0.096752 0.113718
19 0.825778 0.447202 0.091340 0.111011
0 0.865697 0.476986 0.042625 0.049639
0 0.832882 0.434116 0.046008 0.046931
0 0.869418 0.413357 0.040595 0.037906
0 0.909337 0.441787 0.033829 0.053249
21 0.535521 0.424188 0.057510 0.081227
6 0.561231 0.280235 0.041272 0.038809
6 0.538227 0.333484 0.029093 0.031588
6 0.564614 0.328069 0.022327 0.031588
6 0.584235 0.320397 0.027740 0.036101
6 0.612314 0.315433 0.025710 0.033394
6 0.630244 0.311372 0.020974 0.034296
6 0.645805 0.309116 0.019621 0.027978
6 0.643775 0.275271 0.022327 0.045126
6 0.654939 0.269856 0.021651 0.046931
6 0.677605 0.264892 0.030447 0.042419
6 0.719553 0.257220 0.022327 0.036101
6 0.683694 0.300542 0.019621 0.028881
6 0.705345 0.297834 0.019621 0.030686
6 0.719892 0.295578 0.017591 0.026173
6 0.736468 0.258574 0.025034 0.033394
