6 0.563938 0.756318 0.065629 0.064982
6 0.540934 0.795578 0.079161 0.083935
6 0.515223 0.832130 0.071042 0.086643
6 0.466171 0.756769 0.060893 0.087545
6 0.485792 0.700361 0.054127 0.068592
6 0.516576 0.675993 0.058863 0.083032
6 0.452639 0.638538 0.054127 0.076715
6 0.411705 0.766697 0.060217 0.103791
6 0.459405 0.835289 0.059540 0.085740
6 0.361976 0.797834 0.055480 0.083032
6 0.385656 0.681408 0.064953 0.081227
6 0.383965 0.580325 0.056157 0.059567
6 0.348782 0.668321 0.061570 0.073105
6 0.323410 0.769404 0.069012 0.073105
6 0.293302 0.742329 0.071042 0.065884
6 0.352165 0.570848 0.053451 0.060469
6 0.294317 0.634477 0.059540 0.064982
6 0.247294 0.697653 0.052097 0.075812
6 0.327808 0.545126 0.048038 0.059567
6 0.270636 0.619134 0.062246 0.068592
6 0.196888 0.518953 0.048714 0.059567
6 0.108931 0.558664 0.064953 0.048736
2 0.466509 0.457581 0.048038 0.074007
2 0.426590 0.446751 0.049391 0.079422
2 0.370433 0.432762 0.062923 0.074910
2 0.274019 0.388538 0.044655 0.040614
39 0.561570 0.425993 0.037889 0.059567
39 0.583559 0.407942 0.033153 0.072202
39 0.605210 0.399819 0.031800 0.064982
39 0.623816 0.390343 0.029770 0.056859
39 0.643437 0.381318 0.027064 0.056859
39 0.673884 0.367329 0.028417 0.050542
39 0.691475 0.359657 0.029770 0.055054
39 0.538227 0.416065 0.019621 0.059567
38 0.732747 0.495487 0.097429 0.095668
38 0.776725 0.459386 0.082544 0.090253
38 0.810217 0.432762 0.085927 0.080325
38 0.796346 0.435469 0.089310 0.085740
38 0.752368 0.462094 0.090663 0.084838
