19 0.889062 0.427902 0.151042 0.222743
19 0.836979 0.440211 0.144792 0.218054
19 0.762500 0.458675 0.172917 0.209261
19 0.806771 0.459261 0.146875 0.201055
19 0.931250 0.409730 0.137500 0.194607
4 0.451562 0.479191 0.196875 0.033411
4 0.443229 0.507327 0.217708 0.025205
4 0.442188 0.535463 0.215625 0.028722
25 0.228125 0.766999 0.283333 0.088511
25 0.253125 0.834994 0.239583 0.067409
19 0.314063 0.670574 0.321875 0.046893
19 0.307292 0.691090 0.308333 0.038687
8 0.511979 0.568288 0.067708 0.042790
8 0.436979 0.570633 0.073958 0.047479
8 0.363021 0.576495 0.073958 0.042790
8 0.277083 0.585580 0.095833 0.045721
8 0.206250 0.568288 0.106250 0.043962
8 0.176042 0.600528 0.100000 0.034584
19 0.293229 0.738863 0.296875 0.038101
