25 0.198828 0.629861 0.049219 0.093056
25 0.236719 0.617361 0.054688 0.081944
25 0.265625 0.609028 0.059375 0.045833
25 0.288281 0.691667 0.060937 0.075000
26 0.346484 0.688889 0.041406 0.052778
26 0.353125 0.655556 0.028125 0.041667
26 0.257422 0.424306 0.025781 0.073611
26 0.275000 0.451389 0.028125 0.038889
12 0.451172 0.567361 0.058594 0.090278
12 0.500781 0.556250 0.045312 0.081944
12 0.502344 0.650694 0.046875 0.101389
13 0.532813 0.511111 0.050000 0.088889
13 0.566797 0.507639 0.053906 0.081944
13 0.594531 0.601389 0.043750 0.094444
13 0.550781 0.601389 0.043750 0.091667
23 0.773828 0.618750 0.035156 0.112500
23 0.741406 0.622917 0.042188 0.106944
8 0.814453 0.428472 0.036719 0.062500
8 0.780859 0.373611 0.038281 0.055556
8 0.823047 0.334722 0.035156 0.052778
8 0.820312 0.377778 0.039062 0.050000
8 0.855078 0.379167 0.032031 0.041667
8 0.794141 0.340278 0.027344 0.044444
27 0.462891 0.334028 0.046094 0.065278
27 0.504297 0.396528 0.042969 0.095833
27 0.504297 0.335417 0.036719 0.068056
27 0.458203 0.418750 0.046094 0.095833
