16 0.438177 0.247294 0.096570 0.058863
16 0.513989 0.243572 0.073105 0.059540
16 0.518502 0.184032 0.082130 0.055480
16 0.430054 0.172192 0.101986 0.062923
16 0.511282 0.131258 0.082130 0.056834
16 0.424188 0.112991 0.093863 0.058187
16 0.427798 0.055480 0.099278 0.060893
16 0.506769 0.072733 0.078520 0.058863
16 0.503159 0.026387 0.071300 0.051421
16 0.192238 0.373139 0.126354 0.068336
16 0.197653 0.442152 0.120939 0.068336
16 0.197653 0.511164 0.120939 0.065629
16 0.323556 0.523004 0.107401 0.074425
16 0.331227 0.599120 0.104693 0.068336
16 0.204422 0.571719 0.120036 0.073072
16 0.221119 0.631935 0.120939 0.078484
16 0.703069 0.860284 0.074007 0.054804
16 0.637635 0.897158 0.053249 0.046008
16 0.632671 0.841340 0.046931 0.050744
16 0.694043 0.813261 0.070397 0.058187
16 0.678700 0.766576 0.072202 0.059540
16 0.627256 0.794317 0.045126 0.058187
16 0.683664 0.718200 0.080325 0.056157
16 0.675993 0.673884 0.070397 0.046008
23 0.395758 0.774696 0.073105 0.104195
23 0.388087 0.852165 0.075812 0.073748
33 0.252708 0.905954 0.110108 0.143437
33 0.262184 0.766915 0.145307 0.076455
33 0.270758 0.833559 0.149819 0.064953
23 0.336191 0.771651 0.065884 0.092693
29 0.588899 0.501691 0.116426 0.205007
29 0.539260 0.503383 0.092960 0.219215
29 0.497292 0.422192 0.034296 0.175913
