35 0.449256 0.457581 0.036536 0.052347
35 0.486130 0.443141 0.043978 0.039711
35 0.526387 0.424188 0.040595 0.048736
35 0.566306 0.409296 0.036536 0.042419
35 0.613329 0.387635 0.033153 0.046029
6 0.700271 0.487816 0.043302 0.056859
6 0.739851 0.529783 0.034506 0.059567
10 0.645129 0.366877 0.033153 0.029783
10 0.664073 0.359206 0.031800 0.027076
10 0.674899 0.340253 0.030447 0.037906
10 0.701624 0.337996 0.031123 0.040614
10 0.715832 0.412004 0.033829 0.042419
10 0.748309 0.464801 0.029770 0.039711
10 0.783153 0.502256 0.031800 0.033394
10 0.788566 0.476534 0.034506 0.036101
10 0.752706 0.437274 0.030447 0.035199
37 0.327808 0.495939 0.080514 0.082130
37 0.255751 0.513087 0.082544 0.107401
37 0.138363 0.563177 0.077808 0.095668
37 0.174560 0.522563 0.059540 0.092058
37 0.075778 0.546931 0.063599 0.086643
