10 0.273740 0.508854 0.046893 0.051042
10 0.247362 0.482292 0.046893 0.052083
10 0.224502 0.573958 0.055100 0.066667
10 0.177902 0.518229 0.050996 0.055208
10 0.143611 0.662500 0.048066 0.095833
10 0.125733 0.629687 0.040445 0.080208
10 0.070340 0.557292 0.029308 0.075000
10 0.089683 0.580729 0.033998 0.073958
1 0.395369 0.430208 0.045135 0.116667
1 0.425557 0.445833 0.042204 0.112500
1 0.473329 0.457292 0.050996 0.097917
1 0.511723 0.414062 0.030481 0.126042
1 0.547773 0.417708 0.041618 0.100000
1 0.574443 0.406250 0.033998 0.095833
13 0.428781 0.227083 0.047479 0.160417
13 0.521688 0.232292 0.038687 0.147917
13 0.570633 0.246875 0.035756 0.114583
11 0.593494 0.418229 0.020516 0.057292
11 0.628370 0.399479 0.026964 0.051042
11 0.645076 0.393750 0.024033 0.054167
19 0.570047 0.688542 0.095545 0.266667
19 0.541911 0.700000 0.088511 0.279167
19 0.510258 0.731771 0.097890 0.305208
19 0.405627 0.827604 0.035170 0.344792
19 0.430539 0.823958 0.038101 0.352083
19 0.488277 0.778646 0.073857 0.351042
19 0.580891 0.678125 0.098476 0.241667
