14 0.073748 0.487816 0.055480 0.069495
14 0.112314 0.547383 0.047361 0.071300
14 0.193166 0.449458 0.053451 0.055957
14 0.164073 0.446751 0.029093 0.043321
14 0.140392 0.440433 0.031800 0.039711
14 0.103857 0.512184 0.058863 0.080325
0 0.189107 0.504964 0.118403 0.157942
0 0.227334 0.523466 0.115020 0.175090
0 0.266238 0.538809 0.111637 0.149819
0 0.273004 0.632671 0.076455 0.182310
0 0.291610 0.656137 0.059540 0.178700
0 0.311570 0.686823 0.049391 0.175090
0 0.189107 0.656588 0.027740 0.089350
0 0.214479 0.682310 0.039242 0.086643
0 0.140731 0.625000 0.021651 0.087545
6 0.482409 0.296480 0.050068 0.103791
6 0.533153 0.282491 0.037889 0.102888
6 0.562585 0.240975 0.033153 0.030686
6 0.586265 0.270758 0.026387 0.095668
6 0.616373 0.266245 0.028417 0.081227
6 0.640731 0.260379 0.032476 0.082130
18 0.363667 0.289260 0.027740 0.040614
18 0.356225 0.233303 0.035859 0.044224
18 0.267253 0.305957 0.033829 0.045126
6 0.392422 0.434567 0.039242 0.076715
6 0.353857 0.411101 0.041949 0.049639
2 0.296685 0.395307 0.033153 0.050542
2 0.270636 0.388087 0.036536 0.046931
2 0.243911 0.377256 0.035859 0.046931
2 0.190798 0.358303 0.020298 0.037906
2 0.208051 0.361011 0.026387 0.046931
2 0.194858 0.285199 0.020298 0.055957
2 0.215156 0.287455 0.024357 0.047834
8 0.448241 0.452617 0.060217 0.069495
8 0.500000 0.444043 0.059540 0.055957
8 0.486806 0.391697 0.052097 0.054152
8 0.545332 0.386282 0.047361 0.057762
8 0.571042 0.367780 0.047361 0.042419
8 0.585589 0.409296 0.029093 0.047834
8 0.560555 0.428700 0.033153 0.054152
7 0.537212 0.543773 0.059540 0.085740
7 0.572395 0.503159 0.062246 0.074910
7 0.512517 0.553249 0.050744 0.084838
7 0.559540 0.611913 0.079838 0.066787
7 0.608593 0.575361 0.071042 0.044224
7 0.595061 0.676895 0.043978 0.079422
7 0.615020 0.664711 0.039242 0.085740
7 0.648850 0.638087 0.016238 0.092058
14 0.636671 0.430054 0.070365 0.060469
14 0.627199 0.499549 0.063599 0.074910
14 0.666779 0.561823 0.061570 0.076715
14 0.701624 0.547834 0.066306 0.074007
14 0.728687 0.522112 0.056834 0.064079
14 0.702300 0.467960 0.037889 0.073105
19 0.739851 0.431859 0.079161 0.194043
19 0.768606 0.402978 0.077131 0.175993
19 0.760149 0.409296 0.083221 0.177798
19 0.746955 0.418321 0.082544 0.177798
10 0.686401 0.318141 0.029093 0.037004
10 0.631258 0.345217 0.033829 0.033394
3 0.663396 0.245487 0.039919 0.074007
3 0.726996 0.224729 0.026387 0.068592
