31 0.291610 0.550993 0.062246 0.114621
31 0.263870 0.515794 0.058187 0.112816
31 0.242558 0.480144 0.060217 0.119134
31 0.202977 0.451264 0.060893 0.095668
31 0.153924 0.372292 0.046685 0.092960
32 0.629905 0.138087 0.074425 0.083032
32 0.588972 0.232401 0.072395 0.112816
32 0.586604 0.134928 0.063599 0.083935
32 0.551759 0.225632 0.058863 0.102888
32 0.539919 0.132220 0.040595 0.082130
32 0.511164 0.217960 0.050744 0.107401
32 0.504398 0.109657 0.049391 0.105596
32 0.478349 0.205776 0.037889 0.102888
32 0.472260 0.111011 0.035183 0.101083
32 0.439783 0.105144 0.037889 0.092960
1 0.641069 0.233755 0.052097 0.117329
1 0.673207 0.259928 0.043302 0.106498
1 0.692152 0.247744 0.031123 0.123646
1 0.719553 0.226986 0.033153 0.120036
1 0.629905 0.437726 0.055480 0.117329
1 0.689445 0.461643 0.054127 0.118231
1 0.729702 0.423285 0.053451 0.119134
1 0.784506 0.407942 0.064276 0.070397
1 0.820027 0.383574 0.064953 0.070397
6 0.579161 0.418773 0.050068 0.074007
6 0.518268 0.383123 0.044655 0.053249
6 0.536874 0.405686 0.048038 0.074910
6 0.493572 0.384025 0.041272 0.069495
6 0.465494 0.368682 0.050068 0.053249
35 0.415088 0.593412 0.050744 0.078520
35 0.474628 0.532040 0.043978 0.073105
35 0.443843 0.483303 0.035183 0.062274
35 0.347767 0.597473 0.040595 0.052347
35 0.380244 0.592960 0.031123 0.054152
35 0.466509 0.591606 0.043978 0.067690
35 0.381597 0.529332 0.050068 0.074910
5 0.451962 0.677347 0.056834 0.091155
5 0.418133 0.719765 0.054127 0.080325
5 0.460081 0.791968 0.054127 0.087545
5 0.530108 0.702617 0.069689 0.103791
5 0.542287 0.615975 0.077808 0.120036
5 0.602503 0.652978 0.077808 0.111011
5 0.625846 0.561372 0.087957 0.084838
5 0.530785 0.524819 0.058863 0.067690
5 0.512855 0.834386 0.063599 0.121841
5 0.573748 0.886282 0.078484 0.142599
5 0.649865 0.784296 0.065629 0.128159
5 0.593031 0.748646 0.071042 0.116426
5 0.647158 0.958032 0.071042 0.083935
13 0.710081 0.679603 0.182003 0.220217
13 0.811908 0.635379 0.158322 0.249097
13 0.877537 0.593863 0.100135 0.211191
13 0.930650 0.563628 0.104871 0.199458
13 0.956698 0.522112 0.086604 0.188628
13 0.738498 0.926895 0.118403 0.146209
13 0.822733 0.894856 0.085250 0.210289
13 0.885318 0.845668 0.046685 0.218412
13 0.934032 0.793321 0.045332 0.189531
