21 0.268750 0.767361 0.064062 0.109722
21 0.262500 0.848611 0.059375 0.077778
21 0.324219 0.757639 0.056250 0.109722
21 0.372266 0.818056 0.057031 0.097222
21 0.373047 0.734028 0.050781 0.073611
2 0.398828 0.493056 0.063281 0.063889
12 0.462109 0.434722 0.055469 0.141667
6 0.610156 0.804167 0.046875 0.088889
6 0.656641 0.797917 0.047656 0.095833
6 0.697656 0.782639 0.042188 0.112500
25 0.761719 0.764583 0.125000 0.140278
25 0.804297 0.711111 0.089844 0.102778
25 0.775000 0.722222 0.126562 0.133333
25 0.755859 0.312500 0.091406 0.058333
