11 0.488277 0.603125 0.060961 0.091667
11 0.488863 0.675000 0.069168 0.070833
11 0.559496 0.669792 0.074443 0.095833
11 0.557737 0.722917 0.073271 0.077083
11 0.633939 0.581250 0.080305 0.108333
11 0.623681 0.645312 0.076202 0.080208
11 0.628370 0.701562 0.072685 0.090625
11 0.628077 0.434896 0.054513 0.084375
11 0.626612 0.493750 0.051583 0.064583
11 0.556565 0.378125 0.055686 0.087500
11 0.555100 0.440104 0.058617 0.065625
11 0.511137 0.459375 0.058617 0.083333
11 0.512896 0.519792 0.060961 0.070833
11 0.472743 0.316667 0.061547 0.093750
11 0.473623 0.376563 0.062134 0.073958
11 0.519343 0.314583 0.045721 0.072917
11 0.467468 0.416667 0.055686 0.064583
11 0.461313 0.222917 0.046893 0.064583
33 0.845252 0.925521 0.174678 0.148958
