11 0.424971 0.389583 0.031653 0.058333
11 0.452521 0.391146 0.032825 0.055208
11 0.396835 0.421354 0.032825 0.048958
11 0.357855 0.461458 0.039273 0.047917
11 0.389508 0.472396 0.041618 0.038542
11 0.440211 0.458333 0.036342 0.047917
11 0.489742 0.498437 0.042790 0.044792
11 0.529601 0.489063 0.034584 0.065625
11 0.565651 0.440625 0.038687 0.062500
11 0.565064 0.495312 0.046893 0.053125
13 0.694314 0.427604 0.060375 0.180208
13 0.780481 0.479687 0.065064 0.192708
13 0.664713 0.538542 0.073857 0.072917
13 0.749414 0.554688 0.070926 0.088542
10 0.620750 0.343750 0.045721 0.070833
10 0.579132 0.345833 0.041032 0.054167
10 0.518464 0.329167 0.035756 0.050000
10 0.472157 0.324479 0.026377 0.048958
