11 0.095545 0.764583 0.048066 0.077083
11 0.177315 0.762500 0.042790 0.064583
11 0.114009 0.635938 0.039273 0.061458
11 0.114009 0.706771 0.043962 0.055208
11 0.143904 0.744792 0.039273 0.085417
11 0.199004 0.656771 0.040445 0.061458
11 0.201641 0.601562 0.035170 0.046875
11 0.162661 0.386458 0.034584 0.050000
11 0.201055 0.406250 0.042204 0.064583
11 0.238863 0.404687 0.033411 0.059375
11 0.273154 0.398958 0.037515 0.060417
11 0.279601 0.333333 0.036342 0.052083
11 0.242087 0.333333 0.033998 0.047917
11 0.321219 0.410417 0.037515 0.054167
11 0.361958 0.413542 0.034584 0.064583
11 0.342028 0.328125 0.033411 0.050000
11 0.319168 0.366146 0.034584 0.040625
11 0.357855 0.373958 0.033411 0.047917
11 0.391559 0.382812 0.030481 0.053125
11 0.427315 0.404687 0.033998 0.063542
11 0.462778 0.399479 0.034584 0.063542
11 0.422040 0.339583 0.030481 0.041667
11 0.497069 0.412500 0.035170 0.060417
11 0.398886 0.426563 0.035756 0.048958
10 0.635111 0.417187 0.041618 0.069792
10 0.684349 0.405208 0.041618 0.068750
10 0.724502 0.413542 0.042204 0.066667
10 0.802755 0.414062 0.050996 0.059375
10 0.847304 0.397396 0.043962 0.057292
10 0.883353 0.395833 0.028136 0.045833
10 0.793962 0.365625 0.039273 0.039583
2 0.877491 0.642708 0.042204 0.070833
2 0.905334 0.714583 0.031067 0.045833
2 0.878370 0.714063 0.024033 0.046875
2 0.851407 0.701562 0.031067 0.071875
2 0.845838 0.626563 0.031653 0.051042
8 0.812134 0.709375 0.053341 0.089583
8 0.760258 0.712500 0.056272 0.093750
8 0.703986 0.689583 0.053927 0.095833
8 0.770809 0.616146 0.051583 0.069792
8 0.802755 0.649479 0.054513 0.067708
8 0.722450 0.618750 0.049824 0.064583
8 0.681712 0.628125 0.045721 0.064583
8 0.656213 0.683854 0.054513 0.084375
8 0.622802 0.628125 0.052169 0.072917
8 0.618699 0.725521 0.065064 0.090625
8 0.577081 0.643750 0.040445 0.072917
8 0.549824 0.716667 0.056272 0.093750
8 0.538394 0.639062 0.049824 0.071875
8 0.497655 0.747917 0.049238 0.058333
8 0.464244 0.718229 0.050410 0.084375
8 0.499707 0.700000 0.035756 0.050000
8 0.452227 0.601042 0.046307 0.085417
8 0.407679 0.745313 0.056858 0.088542
8 0.394783 0.604167 0.054513 0.081250
8 0.411782 0.657813 0.049824 0.063542
8 0.361665 0.657813 0.055100 0.086458
8 0.313013 0.757292 0.065651 0.087500
8 0.360199 0.764583 0.040445 0.058333
8 0.315358 0.616667 0.060961 0.087500
8 0.248242 0.709375 0.065064 0.091667
8 0.267878 0.661979 0.056272 0.086458
8 0.257034 0.617708 0.055686 0.077083
