2 0.120457 0.547917 0.040445 0.116667
2 0.177902 0.533333 0.034584 0.122917
2 0.206917 0.550000 0.058617 0.114583
2 0.143025 0.531771 0.017585 0.111458
2 0.220692 0.457292 0.046307 0.047917
2 0.257327 0.533854 0.037515 0.123958
2 0.269050 0.436979 0.043376 0.084375
22 0.646249 0.525521 0.031067 0.115625
22 0.619285 0.551042 0.034584 0.125000
22 0.587046 0.557813 0.031067 0.111458
22 0.554513 0.552604 0.028136 0.117708
22 0.527257 0.559896 0.028722 0.113542
22 0.497362 0.556771 0.028722 0.117708
22 0.468054 0.557292 0.032239 0.116667
22 0.435815 0.559375 0.034584 0.125000
22 0.344373 0.558333 0.032239 0.118750
22 0.313599 0.556771 0.026964 0.126042
22 0.283705 0.557813 0.030481 0.126042
22 0.295135 0.373958 0.034584 0.072917
22 0.446073 0.378646 0.031653 0.071875
22 0.532532 0.380208 0.031067 0.077083
22 0.565651 0.376042 0.031653 0.075000
22 0.603458 0.376563 0.038101 0.076042
