37 0.300117 0.353125 0.067995 0.108333
37 0.220985 0.363021 0.057444 0.065625
37 0.347890 0.361458 0.053341 0.072917
37 0.190504 0.519792 0.065651 0.091667
37 0.195487 0.631771 0.068581 0.101042
6 0.382767 0.319271 0.050410 0.109375
6 0.433177 0.327604 0.039859 0.105208
6 0.186694 0.345833 0.046307 0.077083
6 0.253224 0.325521 0.043376 0.082292
11 0.454279 0.361458 0.033998 0.060417
11 0.488570 0.361979 0.032239 0.055208
11 0.517878 0.360417 0.031067 0.054167
11 0.490621 0.307292 0.036342 0.052083
11 0.530481 0.324479 0.031653 0.051042
11 0.553927 0.366146 0.041032 0.051042
11 0.596131 0.351562 0.038687 0.061458
11 0.482708 0.189062 0.033411 0.059375
11 0.515533 0.190104 0.033411 0.055208
11 0.547186 0.189062 0.032239 0.059375
11 0.464244 0.117188 0.032825 0.059375
11 0.496483 0.120833 0.031653 0.056250
11 0.525791 0.121354 0.029308 0.059375
11 0.553048 0.139063 0.032239 0.048958
11 0.574150 0.185938 0.026377 0.055208
11 0.583822 0.126042 0.032825 0.056250
11 0.611665 0.189583 0.032239 0.060417
11 0.645369 0.189062 0.033998 0.061458
11 0.617526 0.127083 0.033411 0.058333
11 0.652696 0.143750 0.041618 0.043750
10 0.713072 0.180208 0.039273 0.072917
10 0.671161 0.120833 0.035170 0.054167
11 0.690797 0.458854 0.029894 0.067708
11 0.716295 0.447396 0.029308 0.078125
11 0.742966 0.446354 0.027550 0.073958
26 0.095838 0.669271 0.076788 0.159375
26 0.048652 0.798438 0.078546 0.105208
