10 0.286635 0.156250 0.059789 0.106250
10 0.325615 0.183854 0.055686 0.117708
10 0.370457 0.208333 0.070340 0.120833
11 0.286049 0.331771 0.056272 0.073958
11 0.317409 0.360938 0.060375 0.080208
11 0.352872 0.397396 0.064478 0.084375
11 0.236518 0.448958 0.059203 0.093750
11 0.303341 0.516146 0.068581 0.101042
11 0.281067 0.379167 0.041618 0.054167
11 0.312134 0.414062 0.040445 0.053125
11 0.354631 0.455208 0.063306 0.060417
11 0.235053 0.505208 0.064478 0.052083
11 0.262896 0.519792 0.046307 0.081250
11 0.304513 0.566667 0.065064 0.047917
34 0.504396 0.341667 0.058030 0.104167
34 0.556565 0.319792 0.048652 0.116667
34 0.478898 0.536979 0.050410 0.086458
34 0.550703 0.620833 0.060375 0.108333
34 0.406213 0.731771 0.057444 0.130208
34 0.447538 0.775000 0.058030 0.122917
34 0.467175 0.700521 0.064478 0.096875
34 0.366061 0.832812 0.040445 0.101042
34 0.399472 0.891667 0.061547 0.129167
34 0.390973 0.955729 0.072685 0.088542
34 0.369871 0.655208 0.075029 0.100000
34 0.279015 0.653646 0.064478 0.115625
34 0.310668 0.734375 0.058617 0.133333
34 0.234760 0.723958 0.083822 0.116667
34 0.261430 0.768750 0.049238 0.085417
34 0.286635 0.828125 0.070340 0.127083
11 0.144490 0.577604 0.063892 0.084375
11 0.174091 0.622396 0.072685 0.084375
11 0.201055 0.666146 0.073857 0.105208
18 0.675557 0.420312 0.088511 0.132292
18 0.626612 0.341146 0.079719 0.140625
18 0.721864 0.317188 0.080305 0.115625
18 0.799824 0.282292 0.066237 0.110417
