25 0.239063 0.665972 0.078125 0.068056
25 0.260937 0.588889 0.071875 0.091667
25 0.314844 0.620833 0.056250 0.116667
25 0.254688 0.637500 0.064062 0.077778
25 0.312109 0.685417 0.044531 0.081944
25 0.345313 0.699306 0.054688 0.079167
25 0.369141 0.606250 0.049219 0.120833
25 0.330469 0.590278 0.042188 0.083333
23 0.487891 0.638889 0.038281 0.125000
8 0.521875 0.578472 0.042188 0.068056
8 0.563281 0.576389 0.042188 0.063889
8 0.551172 0.662500 0.046094 0.086111
8 0.526172 0.642361 0.035156 0.070833
8 0.568359 0.636111 0.038281 0.072222
36 0.598828 0.529861 0.047656 0.095833
26 0.600781 0.640972 0.025000 0.062500
26 0.660156 0.554167 0.029687 0.038889
26 0.708984 0.623611 0.027344 0.063889
26 0.665234 0.618750 0.036719 0.037500
27 0.731641 0.400694 0.055469 0.090278
27 0.776172 0.402778 0.042969 0.091667
27 0.715234 0.331250 0.057031 0.056944
27 0.754687 0.334722 0.042188 0.050000
