25 0.031360 0.804688 0.061547 0.211458
25 0.080012 0.816146 0.073271 0.211458
0 0.319461 0.577604 0.075029 0.101042
0 0.279601 0.668229 0.075029 0.134375
0 0.351114 0.663021 0.067995 0.123958
0 0.417351 0.677604 0.072685 0.123958
0 0.249414 0.855208 0.068581 0.131250
0 0.319754 0.840104 0.077960 0.132292
0 0.392438 0.832812 0.062720 0.142708
0 0.459848 0.843229 0.075615 0.136458
0 0.453107 0.729688 0.056272 0.121875
0 0.336753 0.740625 0.069754 0.100000
0 0.268171 0.751042 0.070926 0.100000
0 0.256155 0.635417 0.059789 0.114583
0 0.390387 0.609375 0.053927 0.085417
0 0.444900 0.623958 0.050410 0.093750
12 0.243845 0.476042 0.060961 0.137500
12 0.297479 0.472917 0.058030 0.139583
12 0.345545 0.486458 0.060375 0.122917
12 0.401231 0.482812 0.050996 0.136458
12 0.451641 0.483333 0.045135 0.129167
12 0.495311 0.491667 0.050410 0.135417
12 0.548066 0.477083 0.046893 0.131250
12 0.597304 0.477083 0.044549 0.141667
12 0.643611 0.475521 0.046893 0.146875
12 0.690797 0.473438 0.055686 0.155208
12 0.664420 0.303125 0.061547 0.152083
12 0.609613 0.306250 0.050410 0.147917
12 0.560375 0.305208 0.057444 0.150000
12 0.500000 0.296875 0.053927 0.150000
12 0.455451 0.294271 0.059789 0.159375
12 0.398886 0.297917 0.055686 0.164583
12 0.309496 0.296354 0.050410 0.153125
29 0.763775 0.785417 0.063306 0.272917
29 0.718054 0.768750 0.053927 0.300000
29 0.670281 0.774479 0.056858 0.298958
29 0.628664 0.776042 0.036928 0.291667
29 0.595252 0.785937 0.035756 0.276042
29 0.559496 0.730729 0.042790 0.196875
29 0.522274 0.734896 0.036342 0.186458
27 0.901524 0.620313 0.053927 0.078125
27 0.953693 0.616146 0.057444 0.082292
27 0.970106 0.857292 0.059789 0.129167
20 0.190211 0.740104 0.070926 0.273958
