2 0.331641 0.588194 0.061719 0.070833
2 0.337109 0.522917 0.057031 0.056944
2 0.394531 0.587500 0.054688 0.058333
2 0.399219 0.540278 0.046875 0.047222
10 0.469531 0.588889 0.043750 0.058333
10 0.459766 0.562500 0.030469 0.047222
4 0.382812 0.329861 0.023438 0.093056
4 0.407422 0.327778 0.019531 0.097222
4 0.429688 0.328472 0.018750 0.106944
4 0.449609 0.327778 0.019531 0.100000
4 0.471875 0.336111 0.018750 0.094444
4 0.494141 0.336806 0.019531 0.095833
26 0.517969 0.605556 0.037500 0.066667
26 0.553516 0.596528 0.047656 0.087500
26 0.597656 0.618750 0.040625 0.054167
26 0.597656 0.571528 0.035937 0.062500
26 0.578125 0.484028 0.037500 0.054167
25 0.701953 0.590278 0.067969 0.086111
25 0.741016 0.545833 0.094531 0.058333
