39 0.139508 0.593229 0.049238 0.040625
39 0.203400 0.553125 0.056272 0.035417
39 0.165885 0.638021 0.060961 0.053125
39 0.186401 0.663021 0.064478 0.057292
39 0.205744 0.683854 0.062134 0.051042
39 0.238277 0.715104 0.048652 0.069792
39 0.270809 0.618229 0.045721 0.078125
39 0.244725 0.591146 0.046307 0.057292
39 0.334994 0.548438 0.054513 0.069792
39 0.286635 0.507292 0.044549 0.058333
39 0.310961 0.523438 0.048652 0.057292
10 0.275791 0.782813 0.042790 0.113542
10 0.313892 0.825521 0.050996 0.103125
10 0.379543 0.894271 0.061547 0.140625
10 0.424091 0.770312 0.053341 0.105208
10 0.451348 0.638021 0.050410 0.109375
10 0.390973 0.593750 0.036342 0.089583
10 0.346717 0.676042 0.042790 0.095833
6 0.429660 0.939583 0.072685 0.120833
6 0.475674 0.773958 0.050996 0.100000
6 0.530774 0.788021 0.060375 0.117708
6 0.489742 0.921875 0.054513 0.118750
6 0.572392 0.609896 0.052169 0.090625
6 0.579719 0.763542 0.051583 0.095833
6 0.615475 0.718750 0.049238 0.100000
6 0.647421 0.836979 0.045135 0.119792
6 0.671161 0.782292 0.044549 0.104167
1 0.403576 0.230729 0.067409 0.101042
1 0.439039 0.233854 0.048066 0.113542
13 0.487984 0.222917 0.059203 0.150000
13 0.558617 0.206771 0.058617 0.138542
13 0.593787 0.190104 0.053927 0.117708
13 0.618699 0.184896 0.054513 0.117708
13 0.645955 0.173958 0.044549 0.129167
13 0.680832 0.164583 0.031067 0.145833
13 0.670574 0.317188 0.037515 0.121875
11 0.692263 0.342708 0.017585 0.050000
11 0.703400 0.335938 0.012896 0.048958
11 0.713658 0.320833 0.015826 0.043750
11 0.698417 0.281250 0.024033 0.039583
22 0.647714 0.484896 0.035170 0.065625
22 0.669695 0.457292 0.024033 0.062500
22 0.677315 0.446875 0.026377 0.058333
