25 0.577470 0.808213 0.134641 0.291516
25 0.652233 0.757220 0.154263 0.167870
25 0.550744 0.847022 0.138024 0.305957
25 0.502030 0.872292 0.170501 0.235560
25 0.358254 0.763989 0.060217 0.289711
25 0.398850 0.800542 0.060217 0.285199
25 0.277402 0.650722 0.070365 0.241877
25 0.523342 0.538809 0.091340 0.129964
12 0.557510 0.322653 0.090663 0.195848
12 0.640392 0.255415 0.081867 0.194946
12 0.687415 0.229693 0.083897 0.185018
15 0.728011 0.555505 0.092016 0.136282
15 0.671854 0.439079 0.089310 0.087545
15 0.649526 0.489170 0.056834 0.086643
15 0.759811 0.715253 0.064953 0.103791
15 0.801759 0.639892 0.078484 0.115523
15 0.807510 0.537906 0.076455 0.086643
15 0.758796 0.451264 0.077808 0.093863
15 0.726996 0.370939 0.084574 0.083032
8 0.848782 0.283394 0.069689 0.081227
8 0.883288 0.351083 0.072395 0.074007
8 0.820365 0.325812 0.056157 0.077617
8 0.918809 0.420126 0.048714 0.082130
8 0.920501 0.332581 0.060217 0.071300
19 0.235115 0.523014 0.065629 0.185018
19 0.225981 0.477888 0.092016 0.230144
19 0.201962 0.464350 0.083221 0.190433
19 0.189107 0.383123 0.050744 0.132671
19 0.059202 0.274819 0.060217 0.145307
19 0.079838 0.266245 0.082544 0.194946
19 0.087957 0.284747 0.075778 0.177798
19 0.091678 0.305957 0.066982 0.153430
12 0.438092 0.293321 0.060217 0.189531
12 0.493234 0.325812 0.050068 0.189531
25 0.512855 0.507671 0.105548 0.177798
30 0.701624 0.750451 0.085250 0.105596
30 0.670501 0.638538 0.073072 0.103791
30 0.585589 0.526625 0.071042 0.056859
