10 0.406800 0.611458 0.051583 0.083333
10 0.356389 0.620833 0.041032 0.089583
10 0.335873 0.590625 0.044549 0.077083
10 0.302462 0.504167 0.035170 0.072917
10 0.334115 0.477604 0.033998 0.046875
10 0.427608 0.575521 0.033411 0.071875
34 0.406800 0.382292 0.043376 0.045833
34 0.405627 0.420312 0.039859 0.038542
34 0.458382 0.334375 0.038687 0.056250
34 0.416764 0.334896 0.031653 0.042708
34 0.369578 0.391667 0.031067 0.058333
34 0.379543 0.355208 0.029894 0.037500
34 0.432884 0.385417 0.042790 0.033333
35 0.547773 0.610938 0.039273 0.067708
35 0.571219 0.591146 0.047479 0.071875
35 0.618992 0.597396 0.046893 0.063542
35 0.639801 0.569271 0.034584 0.053125
35 0.674971 0.578646 0.035756 0.071875
35 0.692556 0.567708 0.038101 0.060417
2 0.645369 0.339062 0.030481 0.061458
2 0.745604 0.403125 0.031653 0.070833
