10 0.173545 0.226083 0.064276 0.076715
10 0.246955 0.226534 0.064953 0.074007
10 0.286536 0.212545 0.046685 0.065884
10 0.339310 0.236011 0.057510 0.076715
10 0.387686 0.205325 0.052774 0.064079
10 0.392422 0.242329 0.052774 0.067690
10 0.138701 0.204874 0.051421 0.061372
10 0.188769 0.295578 0.064953 0.078520
10 0.228687 0.281137 0.052774 0.071300
10 0.272666 0.296029 0.073072 0.079422
10 0.337957 0.296480 0.064276 0.069495
10 0.399865 0.295578 0.062246 0.064079
10 0.436062 0.287906 0.038566 0.075812
11 0.548038 0.227888 0.037889 0.051444
11 0.557172 0.282491 0.038566 0.055957
11 0.609608 0.290614 0.041949 0.064982
11 0.646482 0.288809 0.041272 0.064982
11 0.819350 0.282040 0.033829 0.056859
11 0.790257 0.287455 0.035183 0.064079
26 0.567997 0.442690 0.056157 0.074910
26 0.541949 0.377256 0.056834 0.054152
26 0.484438 0.374549 0.055480 0.066787
2 0.654939 0.446300 0.052774 0.058664
2 0.697226 0.429603 0.052097 0.081227
2 0.723951 0.391245 0.046008 0.053249
2 0.614682 0.371841 0.057510 0.050542
2 0.607240 0.439982 0.027740 0.062274
6 0.893775 0.394856 0.056834 0.046029
6 0.868742 0.416968 0.050068 0.057762
6 0.829499 0.423285 0.052774 0.061372
6 0.802436 0.425993 0.037889 0.052347
6 0.815968 0.356498 0.048714 0.052347
10 0.544655 0.601083 0.051421 0.072202
10 0.615359 0.576264 0.043978 0.071300
10 0.646143 0.550993 0.041949 0.069495
10 0.702300 0.641245 0.033829 0.080325
10 0.713126 0.710289 0.037889 0.059567
10 0.654601 0.657491 0.043978 0.082130
10 0.668809 0.738267 0.043978 0.079422
10 0.623139 0.758574 0.054127 0.094765
10 0.575778 0.759477 0.052774 0.089350
10 0.555819 0.677347 0.041272 0.073105
10 0.610961 0.668773 0.046008 0.090253
10 0.518945 0.590704 0.047361 0.083935
10 0.507442 0.569495 0.046008 0.086643
10 0.555480 0.563177 0.043302 0.075812
10 0.598106 0.557310 0.040595 0.078520
10 0.590325 0.654332 0.030447 0.074007
