34 0.233001 0.392708 0.058030 0.106250
34 0.172919 0.391146 0.056272 0.111458
34 0.097597 0.403646 0.065064 0.117708
34 0.038687 0.410938 0.072685 0.098958
34 0.224795 0.273958 0.065064 0.097917
34 0.159144 0.280729 0.075615 0.117708
11 0.572392 0.388021 0.060375 0.123958
11 0.656506 0.394792 0.058617 0.127083
11 0.711313 0.412500 0.056858 0.100000
11 0.761723 0.409375 0.054513 0.114583
11 0.580891 0.279167 0.052755 0.116667
11 0.920574 0.401042 0.067409 0.129167
10 0.745604 0.686979 0.069168 0.128125
10 0.673505 0.695833 0.073857 0.120833
10 0.593494 0.691667 0.080305 0.131250
10 0.518171 0.689583 0.080891 0.133333
10 0.436987 0.697396 0.083822 0.138542
10 0.348476 0.704688 0.084994 0.136458
10 0.287808 0.676562 0.077374 0.140625
10 0.384232 0.608854 0.095545 0.126042
10 0.460434 0.548958 0.073271 0.122917
10 0.529894 0.555729 0.070340 0.126042
10 0.604338 0.570312 0.070340 0.132292
10 0.671454 0.570833 0.072098 0.129167
