6 0.334701 0.275000 0.043376 0.114583
6 0.385698 0.271875 0.029308 0.102083
6 0.292790 0.270833 0.041618 0.116667
6 0.254982 0.269792 0.044549 0.116667
6 0.211606 0.251563 0.039859 0.105208
18 0.413247 0.286979 0.049238 0.094792
2 0.470692 0.252083 0.070340 0.066667
2 0.536928 0.266146 0.062134 0.123958
2 0.604924 0.243750 0.056272 0.091667
2 0.594959 0.309896 0.070340 0.086458
35 0.374560 0.711458 0.048066 0.104167
35 0.416471 0.718229 0.046307 0.117708
35 0.457796 0.716146 0.046893 0.130208
35 0.503517 0.713542 0.049238 0.097917
35 0.396249 0.615104 0.053927 0.094792
35 0.435522 0.611458 0.036342 0.087500
35 0.473329 0.596875 0.041618 0.095833
35 0.512309 0.585938 0.037515 0.105208
35 0.521688 0.499479 0.051583 0.057292
35 0.383939 0.529167 0.044549 0.060417
35 0.442263 0.482292 0.043962 0.108333
35 0.479191 0.461458 0.046307 0.079167
5 0.566530 0.606250 0.070926 0.133333
5 0.565944 0.729167 0.065064 0.129167
5 0.639215 0.610938 0.070926 0.105208
5 0.582356 0.481250 0.062720 0.095833
5 0.646542 0.473438 0.066823 0.119792
5 0.631301 0.695833 0.067995 0.075000
5 0.688453 0.744271 0.081477 0.132292
5 0.709261 0.648438 0.067995 0.146875
5 0.776084 0.743750 0.085580 0.158333
5 0.748242 0.555729 0.081477 0.123958
5 0.700469 0.470313 0.056272 0.094792
5 0.866061 0.757292 0.087339 0.141667
5 0.828546 0.607812 0.084994 0.140625
5 0.836753 0.462500 0.062720 0.112500
5 0.762603 0.473958 0.072685 0.116667
5 0.901231 0.633854 0.070926 0.117708
5 0.939625 0.754167 0.099648 0.141667
