25 0.354693 0.570704 0.229242 0.144114
25 0.306408 0.588295 0.244585 0.130582
25 0.248646 0.615697 0.248195 0.109608
25 0.363718 0.771989 0.247292 0.098782
25 0.273917 0.791610 0.170578 0.087957
25 0.283394 0.832544 0.292419 0.081867
25 0.208484 0.864005 0.252708 0.086604
32 0.199007 0.112652 0.201264 0.091340
32 0.223375 0.182341 0.175993 0.094046
32 0.201715 0.247970 0.197653 0.094046
32 0.187726 0.308187 0.153430 0.077808
32 0.315884 0.337280 0.113718 0.122463
32 0.277527 0.435047 0.195848 0.059540
38 0.631318 0.622124 0.026173 0.195535
38 0.566787 0.630582 0.034296 0.223275
