10 0.287515 0.513542 0.043962 0.050000
10 0.266999 0.485417 0.035756 0.066667
10 0.265533 0.558333 0.037515 0.068750
10 0.189332 0.623958 0.038687 0.058333
10 0.171454 0.585938 0.035756 0.071875
35 0.203693 0.789062 0.036928 0.130208
35 0.229191 0.855208 0.048066 0.114583
35 0.239156 0.876563 0.069168 0.113542
35 0.294549 0.898958 0.062720 0.118750
35 0.335873 0.873958 0.037515 0.120833
35 0.293083 0.722396 0.057444 0.090625
35 0.385991 0.880208 0.056858 0.087500
35 0.359027 0.743750 0.047479 0.083333
35 0.415299 0.728125 0.050996 0.087500
35 0.369578 0.683854 0.055686 0.088542
35 0.435815 0.843750 0.045135 0.066667
35 0.491794 0.820312 0.046893 0.076042
35 0.471278 0.681771 0.039859 0.094792
35 0.425850 0.691146 0.041618 0.092708
35 0.529894 0.786458 0.042204 0.072917
35 0.545135 0.758333 0.051583 0.091667
11 0.518171 0.529687 0.035170 0.044792
11 0.546014 0.511979 0.029894 0.034375
11 0.572685 0.511979 0.030481 0.046875
11 0.537808 0.589583 0.029894 0.060417
11 0.548359 0.622917 0.031067 0.060417
11 0.561547 0.551562 0.035170 0.055208
11 0.607855 0.596354 0.026964 0.051042
11 0.589390 0.627083 0.043962 0.056250
11 0.534877 0.651563 0.027550 0.057292
11 0.497948 0.428125 0.032239 0.058333
11 0.490328 0.384375 0.032239 0.043750
11 0.529308 0.397396 0.039859 0.065625
11 0.549531 0.439583 0.029894 0.056250
11 0.576202 0.437500 0.030481 0.058333
11 0.576788 0.702083 0.035170 0.066667
11 0.600821 0.678125 0.032825 0.058333
11 0.631887 0.648438 0.043376 0.057292
11 0.648593 0.691146 0.031067 0.051042
11 0.617819 0.700000 0.032825 0.047917
11 0.588218 0.759896 0.031067 0.065625
6 0.711899 0.522917 0.043962 0.047917
6 0.741208 0.580208 0.048652 0.058333
6 0.765826 0.561458 0.038101 0.068750
