9 0.313892 0.377083 0.055686 0.120833
9 0.363716 0.369792 0.046307 0.116667
9 0.411489 0.371354 0.046893 0.096875
9 0.458089 0.363021 0.048652 0.107292
9 0.375733 0.285938 0.050410 0.082292
9 0.424385 0.286979 0.039859 0.076042
32 0.502638 0.360417 0.039273 0.100000
32 0.547773 0.353125 0.045135 0.106250
32 0.589390 0.351042 0.049824 0.093750
32 0.635404 0.344792 0.051583 0.102083
32 0.647421 0.265625 0.049824 0.089583
32 0.601993 0.270833 0.044549 0.081250
32 0.555686 0.275000 0.045721 0.072917
32 0.509379 0.280208 0.044549 0.075000
18 0.367526 0.550000 0.035170 0.068750
18 0.404748 0.541146 0.039273 0.082292
18 0.436108 0.535937 0.032825 0.069792
18 0.463365 0.534896 0.029894 0.063542
18 0.491501 0.529687 0.031067 0.073958
18 0.520516 0.524479 0.029308 0.076042
18 0.549824 0.527083 0.035170 0.066667
18 0.579426 0.518750 0.032239 0.064583
18 0.608441 0.511979 0.029308 0.078125
18 0.636870 0.507812 0.035756 0.086458
18 0.668230 0.503646 0.026964 0.080208
18 0.697245 0.500000 0.038101 0.077083
23 0.726846 0.475000 0.043376 0.112500
23 0.765826 0.472917 0.038101 0.116667
23 0.799824 0.468229 0.035756 0.111458
23 0.846717 0.461458 0.041618 0.116667
23 0.871043 0.448958 0.038687 0.116667
23 0.900645 0.441146 0.024033 0.119792
25 0.507327 0.804688 0.061547 0.188542
25 0.536049 0.789583 0.052169 0.200000
25 0.573857 0.792188 0.057444 0.182292
25 0.608148 0.782292 0.053341 0.177083
25 0.643025 0.786979 0.053927 0.169792
25 0.680246 0.783333 0.059203 0.164583
25 0.732415 0.734375 0.067409 0.197917
25 0.767292 0.735938 0.056272 0.209375
25 0.792497 0.730208 0.065651 0.187500
25 0.478898 0.678125 0.029308 0.137500
25 0.497948 0.661979 0.021688 0.103125
25 0.529894 0.679688 0.037515 0.157292
6 0.441090 0.870313 0.033411 0.094792
6 0.406506 0.863542 0.034584 0.085417
6 0.370750 0.871875 0.035756 0.085417
6 0.323857 0.876563 0.043962 0.092708
6 0.333822 0.772396 0.031067 0.082292
6 0.349355 0.736458 0.031653 0.075000
6 0.398300 0.770833 0.029894 0.079167
6 0.431419 0.757812 0.032825 0.080208
6 0.464244 0.750000 0.033998 0.072917
6 0.360785 0.677604 0.025205 0.076042
6 0.400645 0.670312 0.033411 0.067708
6 0.429367 0.659375 0.034584 0.064583
6 0.453986 0.647917 0.031067 0.079167
13 0.271102 0.865625 0.054513 0.141667
13 0.229777 0.872917 0.049238 0.137500
13 0.183470 0.884375 0.048066 0.154167
13 0.127784 0.902083 0.058617 0.139583
13 0.160903 0.673438 0.059203 0.094792
13 0.278136 0.730729 0.052169 0.059375
13 0.222743 0.665104 0.058617 0.069792
13 0.280774 0.635938 0.051583 0.042708
13 0.168816 0.750000 0.044549 0.045833
13 0.117233 0.759896 0.052755 0.065625
13 0.072098 0.918229 0.077374 0.113542
10 0.250879 0.557292 0.044549 0.087500
10 0.292497 0.552083 0.041032 0.083333
6 0.329719 0.547396 0.043962 0.098958
17 0.944900 0.779167 0.048066 0.066667
17 0.928195 0.738542 0.034584 0.068750
17 0.972450 0.764062 0.028136 0.055208
17 0.854631 0.609375 0.035170 0.066667
13 0.970106 0.554688 0.059789 0.082292
27 0.880715 0.301563 0.055686 0.113542
11 0.679953 0.354167 0.038687 0.066667
11 0.714537 0.349479 0.039859 0.073958
11 0.742966 0.349479 0.028722 0.067708
11 0.801583 0.342187 0.029894 0.067708
11 0.829132 0.340625 0.028722 0.070833
11 0.708675 0.280729 0.029308 0.067708
11 0.733294 0.287500 0.028136 0.060417
