8 0.594765 0.077808 0.074007 0.051421
8 0.624549 0.131258 0.070397 0.050068
8 0.651173 0.188430 0.069495 0.060217
8 0.698105 0.238836 0.071300 0.052774
15 0.574007 0.416103 0.052347 0.077131
15 0.664260 0.607578 0.064982 0.060893
15 0.670126 0.528755 0.051444 0.071042
15 0.638989 0.465156 0.057762 0.080514
15 0.698105 0.453992 0.060469 0.075778
4 0.714350 0.584235 0.040614 0.129229
19 0.456227 0.526387 0.033394 0.189445
19 0.425542 0.519959 0.031588 0.182003
19 0.365072 0.500677 0.056859 0.196211
19 0.263087 0.483085 0.044224 0.230041
19 0.313628 0.509472 0.035199 0.186739
22 0.586191 0.607916 0.098375 0.048038
22 0.581679 0.568336 0.094765 0.039242
22 0.578069 0.537551 0.076715 0.027740
22 0.593412 0.511502 0.096570 0.035183
22 0.584386 0.477334 0.076715 0.039919
12 0.508123 0.722598 0.193141 0.115020
