8 0.561570 0.909296 0.096076 0.156137
8 0.658660 0.861011 0.096752 0.140794
8 0.717185 0.801895 0.086604 0.134477
8 0.782476 0.762184 0.094046 0.129061
8 0.839310 0.722924 0.081867 0.122744
8 0.884303 0.687726 0.079838 0.104693
8 0.927605 0.653430 0.079838 0.099278
8 0.967524 0.619585 0.064953 0.111011
8 0.618065 0.723375 0.084574 0.123646
8 0.675913 0.678700 0.090663 0.106498
8 0.736806 0.649368 0.082544 0.107401
8 0.780785 0.611462 0.078484 0.111011
8 0.836265 0.578971 0.077131 0.109206
8 0.882273 0.557762 0.069012 0.099278
8 0.920162 0.528881 0.051421 0.090253
8 0.616712 0.580325 0.079161 0.102888
8 0.672869 0.553249 0.076455 0.092058
8 0.733762 0.526625 0.066982 0.087545
8 0.779770 0.502708 0.058863 0.086643
8 0.824425 0.471570 0.043978 0.085740
8 0.875846 0.469765 0.066982 0.085740
30 0.528078 0.411101 0.061570 0.087545
30 0.593708 0.411101 0.061570 0.082130
30 0.656969 0.368231 0.050068 0.074007
30 0.715156 0.371390 0.059540 0.085740
30 0.755751 0.347022 0.044655 0.069495
30 0.783829 0.333935 0.049391 0.075812
30 0.485453 0.781588 0.140054 0.335740
30 0.526049 0.814982 0.104871 0.308664
30 0.447564 0.738267 0.121110 0.328520
30 0.416103 0.690884 0.117727 0.309567
30 0.337618 0.577166 0.110961 0.221119
30 0.373139 0.597924 0.140054 0.230144
9 0.457713 0.338899 0.065629 0.114621
9 0.428281 0.327617 0.055480 0.108303
9 0.404263 0.305505 0.056157 0.103791
9 0.385656 0.292419 0.050068 0.102888
9 0.532815 0.097924 0.053451 0.100181
9 0.362991 0.256769 0.045332 0.060469
35 0.296346 0.567238 0.063599 0.062274
35 0.276049 0.527076 0.047361 0.041516
35 0.342355 0.503610 0.041949 0.054152
35 0.322395 0.479242 0.046685 0.050542
35 0.292625 0.437726 0.043978 0.055957
35 0.370771 0.442690 0.046008 0.049639
35 0.253721 0.491426 0.040595 0.044224
35 0.234100 0.476986 0.029770 0.049639
1 0.263870 0.408845 0.058187 0.057762
1 0.253721 0.402978 0.050068 0.065884
1 0.215156 0.457130 0.031123 0.062274
1 0.236468 0.378159 0.050744 0.059567
1 0.219892 0.353791 0.037889 0.043321
1 0.273004 0.318592 0.026387 0.050542
1 0.193843 0.416065 0.023681 0.057762
1 0.176252 0.390794 0.016915 0.048736
1 0.198917 0.325812 0.025710 0.055957
1 0.161367 0.362365 0.008796 0.047834
1 0.303112 0.351986 0.018945 0.045126
32 0.477673 0.109657 0.051421 0.080325
32 0.444858 0.099278 0.041272 0.075812
32 0.406969 0.092960 0.035859 0.057762
32 0.419486 0.172383 0.051421 0.088448
32 0.398850 0.161552 0.035859 0.084838
32 0.383627 0.087545 0.035183 0.063177
32 0.374493 0.156588 0.038566 0.080325
