1 0.583559 0.263989 0.038566 0.091155
1 0.615020 0.268953 0.035183 0.084838
1 0.638024 0.259928 0.029770 0.075812
35 0.504060 0.421931 0.041949 0.065884
35 0.467862 0.412906 0.034506 0.055054
35 0.503721 0.367329 0.042625 0.046931
35 0.462788 0.358303 0.037889 0.050542
35 0.428281 0.394856 0.039242 0.051444
35 0.441137 0.348375 0.040595 0.048736
35 0.416779 0.328520 0.041949 0.048736
35 0.377537 0.304152 0.035183 0.046931
35 0.379905 0.365072 0.030447 0.051444
35 0.347767 0.303249 0.029770 0.052347
13 0.396820 0.643953 0.054804 0.157942
13 0.436401 0.673285 0.044655 0.162455
13 0.483762 0.708935 0.056834 0.194043
13 0.451962 0.532040 0.050068 0.073105
13 0.498647 0.557310 0.051421 0.080325
13 0.551083 0.601534 0.057510 0.105596
13 0.558187 0.784747 0.062246 0.210289
13 0.621448 0.841606 0.087280 0.186823
13 0.703315 0.828520 0.058863 0.191336
13 0.630244 0.625000 0.091340 0.094765
13 0.729026 0.546931 0.057510 0.079422
10 0.944520 0.523466 0.046008 0.059567
10 0.906631 0.509477 0.029770 0.042419
10 0.927605 0.547383 0.028417 0.051444
10 0.923545 0.498646 0.027064 0.044224
29 0.238498 0.484206 0.065629 0.145307
29 0.257442 0.501354 0.073748 0.139892
29 0.290257 0.533394 0.071719 0.149819
29 0.317659 0.546029 0.085927 0.167870
29 0.358254 0.580776 0.077808 0.172383
29 0.193843 0.432762 0.058863 0.129061
