10 0.304807 0.524479 0.038687 0.069792
10 0.330012 0.550000 0.032825 0.066667
10 0.358734 0.569792 0.035170 0.064583
10 0.269050 0.745833 0.050410 0.087500
10 0.213072 0.694792 0.035756 0.064583
10 0.291032 0.650521 0.038101 0.063542
10 0.279308 0.606250 0.033411 0.050000
26 0.554513 0.846875 0.055100 0.106250
26 0.594959 0.798438 0.041032 0.078125
26 0.613716 0.754167 0.039859 0.108333
26 0.536635 0.547396 0.025205 0.040625
26 0.548945 0.532813 0.028722 0.046875
26 0.545135 0.658333 0.062134 0.087500
26 0.582356 0.629167 0.055686 0.070833
26 0.642732 0.735938 0.028722 0.078125
26 0.659730 0.695833 0.029894 0.077083
26 0.625733 0.669271 0.028722 0.046875
6 0.579719 0.582812 0.032825 0.048958
6 0.613423 0.606250 0.039273 0.075000
6 0.689332 0.650000 0.035170 0.095833
6 0.593787 0.511458 0.026964 0.081250
4 0.678195 0.593750 0.065651 0.125000
4 0.694021 0.583854 0.069168 0.132292
4 0.705158 0.561458 0.069168 0.129167
9 0.537515 0.231250 0.051583 0.108333
9 0.559496 0.218750 0.054513 0.110417
9 0.584701 0.209896 0.040445 0.098958
9 0.605217 0.202604 0.043962 0.090625
9 0.577374 0.129688 0.045721 0.067708
9 0.643611 0.200000 0.048066 0.083333
9 0.662661 0.190104 0.034584 0.073958
23 0.633646 0.326042 0.050410 0.102083
23 0.653576 0.317188 0.039859 0.098958
23 0.667644 0.304688 0.046893 0.092708
23 0.691676 0.295312 0.044549 0.094792
23 0.714244 0.283333 0.043962 0.085417
23 0.723916 0.277604 0.036342 0.088542
23 0.740621 0.261458 0.032239 0.075000
19 0.769343 0.410417 0.097890 0.141667
19 0.777257 0.401042 0.099648 0.127083
19 0.783411 0.388542 0.092028 0.133333
19 0.790445 0.376563 0.089683 0.123958
19 0.800410 0.377604 0.083822 0.123958
19 0.806858 0.366667 0.080305 0.120833
19 0.815651 0.355729 0.084994 0.117708
