4 0.099219 0.582639 0.070312 0.095833
4 0.130078 0.618056 0.067969 0.147222
4 0.147656 0.634722 0.067187 0.130556
4 0.219922 0.638194 0.041406 0.148611
10 0.286328 0.377778 0.038281 0.055556
10 0.326562 0.368056 0.035937 0.050000
10 0.297266 0.333333 0.028906 0.069444
10 0.331250 0.318056 0.031250 0.052778
8 0.368359 0.279167 0.050781 0.075000
8 0.440234 0.265972 0.044531 0.081944
8 0.500781 0.331944 0.039062 0.072222
8 0.455078 0.343056 0.049219 0.072222
19 0.505859 0.663194 0.046094 0.143056
19 0.547656 0.645833 0.037500 0.177778
19 0.581641 0.634028 0.041406 0.145833
23 0.555469 0.348611 0.042188 0.102778
23 0.593750 0.338194 0.043750 0.123611
27 0.609766 0.579167 0.067969 0.130556
2 0.667578 0.343056 0.053906 0.061111
2 0.658984 0.288889 0.055469 0.058333
6 0.696094 0.656944 0.040625 0.075000
6 0.670312 0.601389 0.039062 0.066667
6 0.746875 0.654167 0.043750 0.080556
6 0.761328 0.600000 0.032031 0.088889
6 0.740234 0.545139 0.024219 0.068056
6 0.727734 0.587500 0.038281 0.072222
7 0.781641 0.565278 0.036719 0.088889
7 0.816797 0.565278 0.042969 0.086111
7 0.833984 0.662500 0.061719 0.075000
7 0.883594 0.643750 0.053125 0.084722
