11 0.501172 0.443229 0.045721 0.069792
11 0.532532 0.429688 0.034584 0.069792
11 0.556272 0.416667 0.031653 0.070833
11 0.587925 0.467187 0.026964 0.063542
11 0.567409 0.480729 0.038687 0.073958
11 0.538980 0.493229 0.038101 0.069792
11 0.511137 0.514583 0.036342 0.072917
10 0.555979 0.615625 0.036928 0.085417
10 0.538980 0.671875 0.059203 0.089583
10 0.536342 0.772917 0.046893 0.127083
10 0.568288 0.808333 0.060375 0.102083
10 0.618992 0.751563 0.060961 0.086458
10 0.587925 0.914583 0.060961 0.129167
10 0.632474 0.857292 0.053927 0.137500
35 0.592614 0.591667 0.039859 0.062500
35 0.610492 0.567708 0.043962 0.058333
35 0.614889 0.639062 0.038687 0.059375
35 0.654748 0.678125 0.046893 0.056250
35 0.690797 0.722917 0.054513 0.066667
35 0.687280 0.782292 0.050996 0.058333
35 0.682298 0.654167 0.048066 0.075000
35 0.721571 0.682813 0.044549 0.057292
40 0.655627 0.254688 0.020516 0.053125
40 0.684642 0.239063 0.019930 0.042708
40 0.615768 0.220833 0.022860 0.033333
40 0.713658 0.226562 0.026377 0.040625
40 0.708089 0.390104 0.032825 0.061458
11 0.495604 0.242708 0.031067 0.043750
11 0.453986 0.229167 0.039273 0.081250
11 0.419109 0.236458 0.035170 0.072917
