11 0.265240 0.414583 0.026377 0.052083
11 0.293083 0.423958 0.031653 0.058333
11 0.327374 0.442708 0.026377 0.085417
11 0.357268 0.448958 0.041618 0.093750
11 0.415592 0.487500 0.036342 0.066667
11 0.452814 0.505208 0.045135 0.081250
11 0.492380 0.510938 0.041032 0.078125
10 0.332943 0.620313 0.045721 0.084375
10 0.372802 0.657813 0.051583 0.078125
10 0.320340 0.584375 0.033411 0.066667
10 0.272274 0.716667 0.048652 0.083333
10 0.310375 0.753125 0.040445 0.104167
10 0.354924 0.780729 0.045135 0.092708
10 0.389801 0.771354 0.025791 0.098958
10 0.357268 0.717708 0.045135 0.052083
10 0.317995 0.690625 0.045135 0.039583
10 0.191090 0.793229 0.037515 0.076042
10 0.225088 0.831771 0.044549 0.090625
10 0.269637 0.866667 0.048066 0.100000
10 0.316823 0.901042 0.050996 0.097917
19 0.123388 0.542708 0.097890 0.129167
19 0.134525 0.583854 0.137749 0.221875
19 0.176436 0.618229 0.134818 0.205208
19 0.198417 0.638021 0.147128 0.248958
19 0.233587 0.665625 0.144783 0.250000
10 0.680832 0.368750 0.016999 0.039583
10 0.673505 0.477083 0.018757 0.045833
11 0.648886 0.264062 0.012896 0.038542
11 0.636284 0.210417 0.009965 0.033333
11 0.662661 0.257292 0.013482 0.033333
39 0.605510 0.951562 0.066823 0.092708
39 0.620750 0.896875 0.071512 0.087500
39 0.636284 0.863542 0.061547 0.072917
39 0.648886 0.825000 0.057444 0.072917
39 0.660903 0.781771 0.056858 0.063542
39 0.590856 0.716667 0.056272 0.081250
39 0.602872 0.663021 0.045135 0.055208
39 0.619285 0.640104 0.043962 0.055208
39 0.549531 0.623437 0.039273 0.055208
39 0.567702 0.595833 0.041618 0.050000
39 0.638921 0.613021 0.043376 0.046875
39 0.679660 0.723437 0.042790 0.044792
