8 0.328839 0.679688 0.055100 0.063542
8 0.358148 0.509375 0.046893 0.054167
8 0.345252 0.402604 0.042204 0.059375
8 0.386577 0.394792 0.038101 0.054167
8 0.432298 0.393750 0.034584 0.054167
8 0.448124 0.418229 0.042790 0.057292
8 0.439625 0.644271 0.041032 0.053125
27 0.501758 0.409375 0.042204 0.060417
27 0.541032 0.401042 0.038687 0.075000
27 0.601993 0.480729 0.051583 0.088542
27 0.493552 0.494792 0.044549 0.064583
27 0.498828 0.633333 0.062134 0.112500
27 0.557151 0.655729 0.048652 0.101042
27 0.633353 0.646354 0.046307 0.098958
31 0.840563 0.541146 0.046893 0.057292
31 0.835580 0.574479 0.049824 0.053125
31 0.809496 0.451042 0.044549 0.060417
