11 0.306565 0.711458 0.069168 0.056250
11 0.333236 0.645833 0.060375 0.077083
11 0.361665 0.530729 0.041032 0.067708
11 0.412954 0.531250 0.048652 0.064583
11 0.395955 0.588021 0.056858 0.059375
11 0.400938 0.639062 0.055100 0.063542
11 0.384818 0.698958 0.062720 0.070833
11 0.446952 0.692708 0.059203 0.083333
11 0.457796 0.589583 0.057444 0.083333
11 0.593787 0.590104 0.053927 0.080208
11 0.656800 0.645833 0.055686 0.091667
11 0.585580 0.695312 0.060961 0.084375
11 0.636870 0.496875 0.048652 0.083333
11 0.538394 0.540104 0.047479 0.071875
11 0.656506 0.711458 0.060961 0.068750
