31 0.906292 0.434567 0.103518 0.055054
31 0.892760 0.465253 0.081867 0.078520
31 0.841678 0.513087 0.086604 0.109206
31 0.805480 0.543321 0.100812 0.092058
31 0.775710 0.585289 0.103518 0.120036
31 0.732070 0.622744 0.083897 0.113718
31 0.706022 0.651173 0.100812 0.134477
31 0.707037 0.703520 0.074425 0.136282
10 0.570027 0.581227 0.056157 0.063177
10 0.583559 0.619585 0.050744 0.035199
10 0.640392 0.648014 0.060217 0.061372
10 0.622463 0.756769 0.067659 0.067690
10 0.600812 0.686823 0.054127 0.064982
10 0.557172 0.710740 0.069689 0.067690
10 0.566306 0.791968 0.075778 0.082130
10 0.512517 0.579422 0.058863 0.059567
10 0.496279 0.697202 0.058863 0.060469
10 0.491881 0.767148 0.074425 0.088448
10 0.566644 0.860108 0.075101 0.046931
10 0.631258 0.815433 0.055480 0.055054
10 0.665765 0.770758 0.044655 0.075812
10 0.490528 0.831227 0.073072 0.054152
10 0.492219 0.874549 0.066982 0.048736
10 0.432679 0.521661 0.031800 0.055957
10 0.458728 0.545578 0.032476 0.047834
10 0.481055 0.561372 0.036536 0.059567
10 0.448917 0.666968 0.057510 0.068592
10 0.397158 0.544675 0.040595 0.060469
10 0.383288 0.654783 0.045332 0.060469
10 0.411367 0.717509 0.060893 0.064982
10 0.442152 0.775722 0.066982 0.094765
10 0.328484 0.653430 0.041272 0.061372
10 0.352165 0.683213 0.035859 0.061372
10 0.405277 0.604693 0.036536 0.043321
10 0.502030 0.618231 0.047361 0.046931
1 0.312585 0.620036 0.055480 0.102888
1 0.294993 0.599729 0.052774 0.089350
1 0.285521 0.574007 0.055480 0.084838
1 0.265562 0.562274 0.039919 0.088448
1 0.257104 0.544675 0.043302 0.080325
1 0.226319 0.511282 0.045332 0.060469
1 0.353857 0.546480 0.039242 0.089350
1 0.336942 0.521661 0.021651 0.077617
1 0.324087 0.509477 0.031123 0.078520
1 0.303789 0.488718 0.036536 0.069495
1 0.292287 0.471570 0.035183 0.064079
1 0.283491 0.462094 0.033829 0.059567
1 0.265562 0.449007 0.027740 0.055054
35 0.437077 0.390343 0.040595 0.069495
35 0.412382 0.375000 0.037212 0.062274
35 0.364005 0.343412 0.033829 0.049639
31 0.564614 0.267148 0.056157 0.050542
31 0.513194 0.281137 0.053451 0.044224
31 0.677605 0.250000 0.046685 0.050542
37 0.487483 0.407942 0.058863 0.092058
37 0.549053 0.416065 0.064276 0.093863
37 0.621786 0.377256 0.054127 0.057762
32 0.454330 0.154332 0.058863 0.081227
32 0.474290 0.239170 0.050068 0.090253
32 0.406292 0.152527 0.048038 0.077617
