37 0.378077 0.277083 0.025791 0.089583
37 0.398886 0.291667 0.040445 0.089583
37 0.419402 0.313021 0.026377 0.096875
37 0.445780 0.330208 0.039273 0.120833
13 0.508499 0.161458 0.055686 0.133333
13 0.546893 0.171875 0.059789 0.125000
13 0.339977 0.600000 0.042204 0.156250
13 0.422919 0.552604 0.047479 0.146875
8 0.227140 0.473438 0.033411 0.057292
8 0.262603 0.431771 0.035170 0.053125
8 0.286928 0.384896 0.041618 0.061458
8 0.324736 0.416667 0.045721 0.089583
8 0.354045 0.426042 0.052755 0.085417
8 0.298066 0.564583 0.052169 0.085417
8 0.280481 0.540625 0.040445 0.072917
8 0.238570 0.497917 0.028136 0.070833
8 0.274326 0.469792 0.048066 0.079167
8 0.328839 0.493229 0.037515 0.071875
2 0.353458 0.659896 0.036342 0.094792
2 0.433177 0.696354 0.050410 0.071875
2 0.453107 0.634375 0.053927 0.079167
2 0.497362 0.634896 0.055686 0.078125
2 0.475674 0.577083 0.052169 0.070833
2 0.492673 0.526042 0.047479 0.045833
2 0.531946 0.570312 0.050996 0.073958
2 0.542497 0.702604 0.059203 0.082292
2 0.417644 0.759896 0.046307 0.103125
2 0.550117 0.851042 0.061547 0.089583
31 0.611079 0.747917 0.047479 0.108333
31 0.652989 0.739583 0.043376 0.106250
31 0.687866 0.697917 0.046307 0.087500
31 0.716589 0.653125 0.058030 0.087500
31 0.598769 0.572917 0.042790 0.079167
25 0.733001 0.580208 0.050996 0.156250
25 0.760551 0.557292 0.032239 0.162500
1 0.621923 0.181250 0.046893 0.097917
1 0.656213 0.163021 0.039273 0.082292
1 0.671161 0.152083 0.051583 0.097917
1 0.693728 0.159375 0.043962 0.095833
1 0.711899 0.158333 0.038101 0.085417
1 0.752052 0.283333 0.024619 0.089583
1 0.765533 0.279687 0.025791 0.094792
1 0.750879 0.149479 0.031653 0.092708
