13 0.439039 0.262500 0.060961 0.162500
13 0.480363 0.284375 0.061547 0.122917
13 0.396249 0.246354 0.066823 0.134375
13 0.393025 0.898438 0.081477 0.203125
13 0.476553 0.884896 0.080891 0.217708
13 0.527843 0.850521 0.082649 0.217708
13 0.321512 0.865104 0.081477 0.251042
13 0.288687 0.785417 0.072098 0.260417
13 0.251172 0.748437 0.048652 0.176042
6 0.594666 0.835417 0.046307 0.125000
6 0.622802 0.809375 0.040445 0.116667
6 0.645662 0.781250 0.038101 0.112500
6 0.580305 0.684896 0.045721 0.082292
6 0.550410 0.598437 0.044549 0.069792
11 0.532825 0.483854 0.039859 0.073958
13 0.546014 0.274479 0.039273 0.144792
13 0.656800 0.274479 0.027550 0.119792
1 0.747362 0.644271 0.022274 0.078125
1 0.759965 0.634375 0.019343 0.085417
1 0.781653 0.621354 0.016999 0.080208
1 0.633939 0.423438 0.038101 0.101042
1 0.674091 0.411458 0.029308 0.089583
1 0.700176 0.405729 0.033411 0.094792
32 0.732415 0.287500 0.027550 0.075000
32 0.768171 0.271875 0.026377 0.043750
38 0.665299 0.622917 0.098476 0.177083
38 0.702227 0.608854 0.084408 0.151042
38 0.635111 0.662500 0.108441 0.179167
32 0.803634 0.623437 0.033998 0.094792
32 0.854338 0.577604 0.026377 0.073958
19 0.878370 0.481250 0.069754 0.150000
19 0.864302 0.501042 0.073271 0.137500
39 0.197538 0.664062 0.059789 0.046875
39 0.296307 0.538021 0.056858 0.055208
39 0.244725 0.596875 0.060375 0.058333
