1 0.422869 0.718412 0.052774 0.113718
1 0.480379 0.705776 0.058187 0.102888
1 0.525034 0.684567 0.063599 0.114621
1 0.443843 0.607852 0.043302 0.073105
1 0.363329 0.708484 0.059540 0.115523
1 0.336942 0.676895 0.071719 0.115523
1 0.295670 0.655235 0.060893 0.104693
1 0.235792 0.625451 0.060217 0.099278
1 0.203315 0.601986 0.061570 0.075812
1 0.175237 0.589801 0.052774 0.074910
1 0.153924 0.564982 0.057510 0.084838
1 0.261164 0.535650 0.050068 0.076715
1 0.318674 0.560469 0.051421 0.075812
1 0.355886 0.576264 0.052774 0.074910
1 0.393775 0.603339 0.051421 0.085740
1 0.556834 0.653430 0.062246 0.099278
1 0.579161 0.633574 0.071719 0.092058
1 0.612652 0.603791 0.068336 0.095668
22 0.306834 0.398466 0.031800 0.062274
17 0.384980 0.444495 0.040595 0.046029
17 0.428958 0.442238 0.041949 0.046931
11 0.628552 0.546480 0.021651 0.040614
11 0.612991 0.529332 0.016238 0.027978
11 0.629567 0.512635 0.016915 0.018051
11 0.590663 0.466606 0.018945 0.018051
11 0.606225 0.486462 0.021651 0.037906
11 0.625507 0.478339 0.020974 0.037906
11 0.641407 0.467058 0.020298 0.038809
11 0.656292 0.458484 0.018945 0.036101
11 0.693505 0.501354 0.020298 0.037004
11 0.681326 0.512635 0.021651 0.041516
11 0.664750 0.521209 0.022327 0.038809
11 0.645805 0.534296 0.020974 0.041516
6 0.680311 0.448556 0.030447 0.054152
6 0.701286 0.437726 0.031800 0.039711
6 0.716509 0.425542 0.028417 0.040614
6 0.740866 0.418773 0.025710 0.046931
6 0.739513 0.483755 0.029770 0.048736
6 0.759134 0.475181 0.031123 0.040614
35 0.566982 0.397563 0.029770 0.065884
35 0.583559 0.394404 0.030447 0.059567
35 0.637009 0.376805 0.023681 0.047834
35 0.661367 0.365523 0.022327 0.043321
35 0.700271 0.353791 0.021651 0.037906
35 0.715494 0.345668 0.019621 0.039711
6 0.526725 0.261733 0.034506 0.052347
6 0.542287 0.254964 0.029093 0.049639
6 0.561231 0.254061 0.027740 0.049639
6 0.585250 0.249549 0.037889 0.047834
6 0.604871 0.242780 0.024357 0.036101
6 0.645467 0.244585 0.024357 0.037906
6 0.656969 0.241877 0.023004 0.037906
6 0.677943 0.238267 0.016238 0.032491
6 0.657645 0.280235 0.020298 0.031588
6 0.670162 0.275271 0.020974 0.025271
