10 0.212111 0.341606 0.058863 0.067690
10 0.171516 0.429603 0.056157 0.074007
10 0.125169 0.488718 0.055480 0.080325
10 0.101150 0.533394 0.061570 0.057762
10 0.177943 0.317238 0.040595 0.064079
10 0.132950 0.282942 0.057510 0.051444
10 0.083559 0.243682 0.046685 0.066787
10 0.072057 0.372744 0.066982 0.046931
10 0.068674 0.502708 0.043978 0.066787
10 0.104195 0.435018 0.062246 0.061372
10 0.054465 0.429152 0.053451 0.062274
10 0.125169 0.328520 0.055480 0.068592
1 0.411028 0.462996 0.085927 0.106498
1 0.403248 0.609657 0.110961 0.055054
1 0.378214 0.726083 0.104195 0.118231
1 0.442152 0.715253 0.045332 0.145307
1 0.496279 0.685469 0.073748 0.138087
1 0.521313 0.658845 0.091340 0.133574
1 0.537212 0.646661 0.063599 0.136282
1 0.482070 0.521209 0.039919 0.123646
1 0.555480 0.613718 0.077131 0.131769
1 0.389378 0.808213 0.149526 0.094765
1 0.596414 0.598375 0.053451 0.142599
1 0.628890 0.564079 0.072395 0.117329
1 0.654939 0.533845 0.071719 0.100181
1 0.692490 0.504061 0.069689 0.100181
1 0.520974 0.485108 0.060893 0.125451
1 0.639378 0.424188 0.060893 0.063177
1 0.558525 0.447653 0.065629 0.101083
1 0.589310 0.444043 0.046008 0.083032
6 0.049053 0.233755 0.046685 0.057762
6 0.030108 0.220217 0.052097 0.052347
