10 0.310555 0.238718 0.044655 0.073105
10 0.351827 0.240523 0.058187 0.067690
10 0.401894 0.233755 0.048714 0.063177
10 0.321380 0.313628 0.048714 0.071300
10 0.369418 0.314982 0.067659 0.075812
10 0.429635 0.305505 0.059540 0.073105
10 0.482070 0.291516 0.058863 0.074007
6 0.188430 0.533394 0.092693 0.084838
2 0.288904 0.513538 0.070365 0.068592
37 0.417456 0.635830 0.079838 0.082130
37 0.446549 0.708032 0.052774 0.101986
37 0.372463 0.755415 0.084574 0.093863
37 0.403924 0.856498 0.083897 0.104693
37 0.494926 0.814982 0.087280 0.074007
26 0.075778 0.564982 0.067659 0.077617
26 0.040934 0.519404 0.071042 0.101986
10 0.536198 0.665162 0.057510 0.074007
10 0.580853 0.571751 0.062923 0.078520
10 0.614005 0.531137 0.054804 0.074910
10 0.643437 0.625903 0.048714 0.073105
10 0.681664 0.728339 0.057510 0.077617
10 0.634303 0.753159 0.061570 0.089350
10 0.579499 0.780235 0.058863 0.078520
10 0.550406 0.726986 0.062923 0.076715
11 0.680988 0.250451 0.033153 0.049639
11 0.714141 0.252256 0.037212 0.056859
11 0.666441 0.189982 0.036536 0.056859
