35 0.380582 0.337094 0.039919 0.069495
35 0.343708 0.328069 0.037889 0.067690
35 0.314953 0.319946 0.035859 0.060469
35 0.397158 0.493682 0.043302 0.074007
35 0.473951 0.466606 0.041272 0.064982
35 0.354195 0.490523 0.042625 0.076715
35 0.209066 0.422383 0.025710 0.059567
12 0.383965 0.862816 0.089986 0.171480
12 0.469215 0.816787 0.075101 0.140794
12 0.309202 0.857401 0.087957 0.153430
12 0.359608 0.700361 0.076455 0.126354
12 0.427605 0.681859 0.083897 0.118231
12 0.397835 0.583032 0.075778 0.061372
12 0.324087 0.570397 0.059540 0.068592
12 0.320704 0.657491 0.058187 0.105596
12 0.266915 0.631318 0.054804 0.098375
12 0.236806 0.779332 0.060893 0.157942
12 0.197903 0.736011 0.073748 0.152527
12 0.156969 0.692238 0.073072 0.138989
12 0.211773 0.595668 0.039242 0.090253
12 0.270298 0.545126 0.048038 0.086643
2 0.087957 0.569946 0.040595 0.047834
22 0.506428 0.453520 0.039919 0.076715
22 0.523342 0.448105 0.030447 0.076715
22 0.538904 0.437274 0.030447 0.067690
22 0.553789 0.436372 0.026387 0.071300
22 0.569689 0.431408 0.025710 0.066787
22 0.595399 0.425993 0.025710 0.068592
22 0.618403 0.414260 0.020298 0.059567
22 0.628214 0.410650 0.016915 0.059567
22 0.651218 0.403881 0.019621 0.062274
36 0.522327 0.761282 0.077131 0.157942
36 0.565291 0.726083 0.064276 0.147112
36 0.600812 0.694043 0.059540 0.126354
36 0.633627 0.661101 0.049391 0.112816
36 0.492219 0.617780 0.060217 0.091155
36 0.538227 0.597924 0.049391 0.071300
36 0.565968 0.566336 0.042625 0.076715
