9 0.320047 0.326562 0.046893 0.105208
9 0.321805 0.257812 0.046893 0.067708
9 0.219519 0.289583 0.046307 0.093750
32 0.366647 0.328125 0.045135 0.095833
32 0.366647 0.259896 0.040445 0.069792
32 0.410903 0.334375 0.043376 0.091667
32 0.409144 0.258854 0.041032 0.078125
32 0.452521 0.335417 0.044549 0.089583
32 0.449590 0.261458 0.039859 0.079167
32 0.497655 0.342187 0.043376 0.090625
32 0.492673 0.262500 0.041618 0.081250
32 0.532239 0.261458 0.039859 0.070833
32 0.540152 0.342187 0.046307 0.090625
32 0.571805 0.261979 0.041618 0.073958
32 0.577667 0.343229 0.038101 0.094792
32 0.614009 0.264583 0.040445 0.064583
32 0.651231 0.265625 0.037515 0.064583
32 0.689332 0.272396 0.037515 0.065625
32 0.704572 0.343750 0.043376 0.095833
32 0.662075 0.343229 0.040445 0.092708
11 0.873974 0.361458 0.025791 0.062500
11 0.846717 0.365104 0.029894 0.057292
11 0.803048 0.366667 0.031653 0.062500
24 0.681712 0.477083 0.033998 0.118750
24 0.711606 0.477083 0.032825 0.110417
24 0.745311 0.481250 0.034584 0.114583
24 0.783411 0.476042 0.040445 0.122917
24 0.816823 0.481771 0.026377 0.117708
24 0.854045 0.474479 0.046893 0.119792
24 0.917937 0.477083 0.037515 0.114583
22 0.658265 0.492708 0.021102 0.085417
22 0.642732 0.487500 0.024033 0.093750
22 0.626905 0.485417 0.018171 0.100000
22 0.611079 0.481771 0.021688 0.096875
22 0.596131 0.483854 0.017585 0.096875
22 0.577960 0.479687 0.017585 0.101042
22 0.565944 0.483854 0.019343 0.092708
17 0.472450 0.500000 0.038687 0.056250
17 0.500293 0.502083 0.020516 0.054167
10 0.439625 0.489583 0.035170 0.068750
10 0.402403 0.489583 0.036928 0.075000
10 0.364596 0.492708 0.037515 0.068750
6 0.324150 0.496875 0.042204 0.060417
18 0.285463 0.489063 0.038687 0.065625
18 0.244725 0.490104 0.038101 0.063542
12 0.209848 0.770833 0.077374 0.131250
12 0.271688 0.769271 0.065064 0.130208
12 0.333236 0.785937 0.072098 0.123958
12 0.385991 0.775000 0.062720 0.139583
12 0.444021 0.771354 0.058030 0.134375
12 0.207210 0.573958 0.063892 0.068750
12 0.273154 0.588021 0.066823 0.090625
12 0.461899 0.575000 0.048066 0.062500
12 0.458968 0.644792 0.053927 0.081250
12 0.199297 0.657813 0.062134 0.057292
22 0.495311 0.619792 0.022274 0.064583
22 0.512896 0.617708 0.018757 0.064583
22 0.548066 0.616667 0.018757 0.056250
22 0.548652 0.685937 0.030481 0.065625
22 0.530481 0.698958 0.018757 0.062500
22 0.512896 0.700000 0.018757 0.072917
22 0.495018 0.702083 0.016999 0.064583
22 0.557737 0.784896 0.022860 0.069792
22 0.540445 0.791146 0.022274 0.063542
22 0.523154 0.790625 0.019343 0.070833
22 0.504982 0.792188 0.018171 0.080208
22 0.486225 0.791146 0.019343 0.073958
13 0.611958 0.593229 0.049238 0.101042
13 0.657972 0.622917 0.050996 0.120833
13 0.703693 0.628125 0.048652 0.116667
13 0.742966 0.611458 0.041618 0.110417
13 0.773740 0.605729 0.046893 0.109375
13 0.818581 0.648958 0.049824 0.120833
13 0.603165 0.768750 0.048066 0.131250
13 0.657679 0.778125 0.053927 0.125000
13 0.704279 0.775000 0.047479 0.129167
13 0.747655 0.775521 0.050996 0.119792
13 0.793376 0.779687 0.052169 0.121875
13 0.836753 0.776042 0.047479 0.112500
13 0.884525 0.769271 0.046893 0.123958
13 0.922919 0.763021 0.047479 0.136458
13 0.966002 0.758333 0.048066 0.131250
11 0.179953 0.806250 0.042204 0.072917
11 0.141559 0.807292 0.038101 0.066667
11 0.095545 0.805208 0.058617 0.075000
11 0.050410 0.794792 0.048066 0.075000
