25 0.449594 0.788809 0.085927 0.151625
25 0.464817 0.790162 0.079838 0.118231
25 0.477673 0.771209 0.079838 0.116426
25 0.509811 0.766245 0.099459 0.101083
25 0.535859 0.747744 0.086604 0.082130
0 0.489851 0.615072 0.064953 0.064079
0 0.536536 0.673736 0.056834 0.065884
0 0.583897 0.726534 0.067659 0.081227
0 0.527402 0.582130 0.053451 0.066787
0 0.570704 0.638538 0.057510 0.064079
0 0.623478 0.695397 0.062923 0.071300
0 0.649865 0.669675 0.050744 0.055957
0 0.612652 0.614621 0.056157 0.057762
0 0.569689 0.568592 0.050068 0.052347
19 0.721922 0.548736 0.077131 0.124549
19 0.744249 0.547383 0.083897 0.120036
19 0.762855 0.541065 0.072395 0.114621
19 0.768945 0.534747 0.069689 0.105596
19 0.783153 0.525271 0.069689 0.110108
33 0.584574 0.449007 0.050068 0.083935
33 0.602165 0.444043 0.033829 0.083032
33 0.620433 0.434567 0.036536 0.074910
33 0.638363 0.426444 0.035859 0.078520
33 0.658322 0.423736 0.031123 0.069495
33 0.601827 0.335289 0.039919 0.078520
5 0.418809 0.619134 0.048714 0.084838
5 0.408322 0.703069 0.046685 0.068592
5 0.377876 0.812726 0.057510 0.103791
5 0.334235 0.788357 0.064953 0.103791
5 0.367050 0.681859 0.050744 0.076715
5 0.369418 0.605596 0.040595 0.066787
5 0.273004 0.716606 0.046685 0.068592
5 0.300068 0.746390 0.054804 0.079422
5 0.224628 0.708484 0.050068 0.074007
5 0.193843 0.680054 0.042625 0.074910
5 0.160352 0.662004 0.031123 0.067690
5 0.319350 0.669224 0.039242 0.082130
5 0.275710 0.639440 0.041272 0.065884
5 0.322057 0.589801 0.043302 0.071300
8 0.135318 0.632671 0.046008 0.057762
8 0.146482 0.576715 0.046685 0.055957
8 0.187754 0.575812 0.039919 0.050542
8 0.225981 0.537455 0.033829 0.046029
8 0.205683 0.528430 0.036536 0.046029
8 0.102842 0.586191 0.039242 0.035199
8 0.103518 0.614170 0.040595 0.047834
5 0.239513 0.620036 0.035183 0.059567
32 0.480717 0.490975 0.045332 0.090253
32 0.432679 0.501805 0.049391 0.088448
32 0.459743 0.370939 0.056157 0.074007
32 0.412043 0.355596 0.056834 0.090253
32 0.514547 0.358755 0.049391 0.085740
