4 0.132474 0.455729 0.096131 0.038542
4 0.120164 0.505729 0.105510 0.048958
4 0.170574 0.412500 0.090270 0.031250
4 0.345545 0.397917 0.090856 0.083333
4 0.343787 0.450000 0.100234 0.102083
4 0.378077 0.478125 0.071512 0.110417
4 0.386577 0.526042 0.084994 0.102083
4 0.262896 0.400000 0.095545 0.081250
4 0.065651 0.658854 0.090270 0.076042
4 0.044549 0.708854 0.076202 0.059375
31 0.377198 0.827083 0.135404 0.114583
31 0.328253 0.731771 0.073857 0.136458
7 0.483294 0.749479 0.123681 0.109375
7 0.515826 0.858854 0.111372 0.076042
7 0.478312 0.652083 0.080891 0.087500
7 0.531653 0.658854 0.071512 0.088542
7 0.599941 0.690625 0.092028 0.083333
7 0.639801 0.603646 0.048652 0.063542
7 0.550996 0.554167 0.042204 0.085417
7 0.584994 0.479167 0.078546 0.035417
7 0.578839 0.625521 0.027550 0.080208
