10 0.239453 0.550000 0.044531 0.075000
10 0.191406 0.533333 0.043750 0.069444
10 0.277344 0.536111 0.031250 0.061111
8 0.070312 0.797222 0.060937 0.088889
8 0.132422 0.790972 0.063281 0.087500
8 0.141797 0.902778 0.071094 0.102778
8 0.076953 0.888889 0.072656 0.091667
9 0.321094 0.526389 0.057813 0.097222
36 0.431641 0.515972 0.053906 0.087500
27 0.803906 0.461111 0.051562 0.108333
27 0.860938 0.361111 0.050000 0.072222
27 0.892578 0.446528 0.036719 0.098611
27 0.790234 0.365972 0.041406 0.073611
20 0.805859 0.715278 0.108594 0.133333
17 0.588672 0.752083 0.030469 0.040278
