25 0.194531 0.494444 0.157812 0.108333
25 0.202344 0.439583 0.114062 0.051389
25 0.219141 0.653472 0.122656 0.076389
25 0.222656 0.591667 0.121875 0.061111
19 0.344922 0.640972 0.028906 0.143056
19 0.403125 0.646528 0.034375 0.143056
19 0.426172 0.640972 0.041406 0.137500
19 0.448437 0.623611 0.056250 0.141667
19 0.291016 0.674306 0.042969 0.145833
19 0.323828 0.658333 0.019531 0.147222
19 0.371484 0.654861 0.021094 0.120833
36 0.337500 0.352778 0.048438 0.094444
23 0.391016 0.363194 0.036719 0.098611
26 0.489063 0.542361 0.037500 0.062500
26 0.461719 0.567361 0.029687 0.034722
26 0.526172 0.600000 0.041406 0.061111
26 0.514844 0.644444 0.023438 0.047222
26 0.470313 0.629167 0.040625 0.061111
26 0.592969 0.613889 0.031250 0.036111
26 0.622266 0.602778 0.028906 0.047222
26 0.566016 0.649306 0.033594 0.048611
26 0.666016 0.634722 0.030469 0.038889
11 0.561328 0.379861 0.035156 0.051389
11 0.536719 0.318056 0.025000 0.055556
11 0.507031 0.309028 0.029687 0.062500
11 0.477344 0.314583 0.035937 0.054167
11 0.458203 0.371528 0.028906 0.056944
11 0.558984 0.315278 0.030469 0.052778
2 0.640625 0.375694 0.046875 0.043056
2 0.638672 0.336806 0.047656 0.043056
2 0.620313 0.306944 0.043750 0.047222
8 0.889844 0.267361 0.032813 0.056944
8 0.858984 0.220139 0.036719 0.065278
8 0.822266 0.267361 0.033594 0.070833
8 0.807031 0.293750 0.037500 0.056944
8 0.857812 0.272917 0.031250 0.062500
8 0.887891 0.313194 0.044531 0.051389
