0 0.718933 0.800521 0.084994 0.136458
0 0.797479 0.792708 0.082649 0.135417
0 0.870750 0.784375 0.076788 0.125000
0 0.681125 0.734896 0.066823 0.121875
0 0.749707 0.725521 0.067995 0.088542
0 0.688746 0.868229 0.072685 0.130208
0 0.687280 0.961979 0.076788 0.076042
0 0.769050 0.971875 0.082063 0.056250
0 0.768171 0.882812 0.076788 0.138542
0 0.821512 0.718229 0.069754 0.090625
0 0.842321 0.881250 0.070340 0.112500
0 0.847597 0.962500 0.072685 0.075000
0 0.927902 0.969792 0.082063 0.060417
0 0.923212 0.875000 0.086753 0.168750
0 0.957503 0.733854 0.066237 0.084375
0 0.895662 0.741146 0.069168 0.121875
23 0.805979 0.552083 0.057444 0.168750
23 0.870750 0.556771 0.063892 0.169792
13 0.886870 0.359896 0.058617 0.155208
13 0.798066 0.361458 0.070926 0.158333
13 0.732708 0.363021 0.057444 0.142708
13 0.672040 0.361979 0.056858 0.142708
13 0.616647 0.361979 0.057444 0.138542
13 0.560961 0.359375 0.053927 0.133333
13 0.579719 0.249479 0.052755 0.090625
13 0.630422 0.252604 0.045135 0.080208
13 0.677022 0.250000 0.048066 0.081250
13 0.718347 0.241667 0.035756 0.104167
13 0.767292 0.244792 0.063306 0.102083
6 0.626026 0.573438 0.053927 0.105208
6 0.576788 0.560937 0.045721 0.109375
24 0.675850 0.559896 0.080891 0.173958
24 0.747948 0.551042 0.059789 0.187500
11 0.531653 0.557292 0.043376 0.104167
11 0.551583 0.540104 0.033998 0.092708
11 0.519343 0.388542 0.036342 0.072917
11 0.486811 0.391667 0.034584 0.070833
11 0.458089 0.389062 0.046307 0.073958
11 0.409437 0.378125 0.042790 0.081250
6 0.418523 0.670312 0.029308 0.090625
6 0.447245 0.680208 0.032825 0.093750
6 0.443728 0.797396 0.028136 0.101042
6 0.410023 0.798958 0.038101 0.112500
10 0.623681 0.732292 0.046893 0.104167
10 0.628957 0.858333 0.052755 0.093750
10 0.573564 0.723958 0.048652 0.091667
10 0.527843 0.715625 0.042790 0.093750
10 0.483880 0.709375 0.045135 0.087500
10 0.575615 0.850000 0.049238 0.100000
10 0.527843 0.836979 0.049824 0.096875
10 0.480363 0.831771 0.047479 0.098958
10 0.466882 0.953125 0.050996 0.093750
10 0.512016 0.956771 0.047479 0.086458
2 0.383353 0.703125 0.038687 0.075000
2 0.347890 0.706771 0.041618 0.078125
2 0.365768 0.810937 0.049238 0.109375
2 0.329426 0.790625 0.052755 0.114583
2 0.292790 0.914583 0.047479 0.116667
9 0.288687 0.264583 0.058030 0.118750
9 0.220106 0.341667 0.050996 0.135417
9 0.195780 0.253646 0.050410 0.084375
9 0.239449 0.268229 0.045135 0.107292
32 0.131887 0.341146 0.044549 0.109375
19 0.287515 0.805208 0.058030 0.279167
19 0.258206 0.779167 0.063892 0.279167
19 0.226260 0.794792 0.072685 0.275000
19 0.195193 0.780208 0.062134 0.264583
19 0.163540 0.792188 0.066823 0.246875
19 0.138335 0.775000 0.063306 0.247917
19 0.114009 0.787500 0.076788 0.270833
19 0.087046 0.781771 0.070926 0.261458
19 0.069754 0.775000 0.076202 0.239583
11 0.244138 0.376042 0.033411 0.068750
11 0.279601 0.378125 0.037515 0.072917
11 0.375733 0.382812 0.030481 0.069792
