22 0.150000 0.803130 0.048148 0.090610
22 0.175000 0.799012 0.048148 0.082372
22 0.207407 0.794893 0.040741 0.100494
22 0.242593 0.796540 0.038889 0.100494
22 0.271296 0.797364 0.035185 0.108731
22 0.303704 0.799012 0.031481 0.098847
22 0.335185 0.777595 0.029630 0.121911
22 0.363889 0.782537 0.031481 0.112026
22 0.397222 0.784185 0.029630 0.108731
22 0.426389 0.775947 0.026852 0.062603
22 0.456944 0.774300 0.032407 0.059308
22 0.490278 0.775947 0.036111 0.049423
22 0.289815 0.559308 0.033333 0.074135
22 0.261111 0.568369 0.033333 0.075783
22 0.234259 0.570016 0.037037 0.065898
22 0.470370 0.594728 0.029630 0.075783
22 0.439352 0.604613 0.032407 0.065898
22 0.422685 0.565074 0.030556 0.059308
2 0.542130 0.454695 0.036111 0.092257
2 0.579167 0.456343 0.036111 0.092257
2 0.617130 0.456343 0.034259 0.092257
2 0.657870 0.449753 0.041667 0.088962
2 0.693981 0.456343 0.032407 0.092257
2 0.687963 0.335255 0.033333 0.093904
2 0.719907 0.342669 0.032407 0.095552
2 0.645370 0.342669 0.033333 0.079077
2 0.611111 0.338550 0.037037 0.087315
2 0.576852 0.336903 0.029630 0.077430
2 0.743056 0.767710 0.043519 0.105437
2 0.689815 0.771829 0.037037 0.093904
2 0.651852 0.771829 0.037037 0.093904
2 0.616667 0.767710 0.037037 0.098847
2 0.579630 0.766886 0.033333 0.097199
2 0.548148 0.761120 0.033333 0.108731
