0 0.819689 0.371390 0.087280 0.098375
0 0.827470 0.476986 0.077131 0.094765
0 0.880582 0.452166 0.072395 0.101083
0 0.865697 0.537004 0.069689 0.074007
0 0.810555 0.566787 0.069012 0.102888
0 0.747294 0.476534 0.073748 0.075812
27 0.649188 0.429603 0.087280 0.101083
27 0.709743 0.608755 0.073072 0.138087
27 0.764547 0.579422 0.058187 0.120939
27 0.942490 0.420126 0.086604 0.065884
25 0.641069 0.601534 0.110284 0.168773
25 0.610622 0.623195 0.089986 0.185018
25 0.578484 0.683664 0.097429 0.203069
25 0.490866 0.678249 0.114344 0.174188
25 0.424560 0.670578 0.057510 0.196751
25 0.382950 0.654332 0.054127 0.166065
19 0.294993 0.413357 0.082544 0.144404
19 0.270298 0.384025 0.060217 0.138087
19 0.278755 0.398466 0.071719 0.161552
19 0.293640 0.483755 0.058187 0.092058
18 0.596414 0.305054 0.053451 0.066787
18 0.545332 0.361462 0.047361 0.069495
18 0.583221 0.373195 0.043302 0.065884
18 0.647497 0.337545 0.044655 0.064982
18 0.703315 0.306859 0.058863 0.066787
0 0.760487 0.388087 0.063599 0.104693
0 0.919824 0.513989 0.065629 0.091155
