0 0.337925 0.643750 0.042790 0.247917
0 0.358441 0.645312 0.034584 0.263542
0 0.320926 0.581250 0.075615 0.177083
0 0.362544 0.643229 0.036928 0.255208
7 0.390680 0.411458 0.020516 0.089583
7 0.406506 0.425000 0.015826 0.079167
7 0.427902 0.436979 0.024619 0.088542
7 0.449004 0.440625 0.018757 0.091667
7 0.467761 0.445312 0.024619 0.088542
7 0.501758 0.440625 0.019930 0.083333
7 0.533998 0.434896 0.025791 0.080208
14 0.399179 0.760938 0.048066 0.151042
14 0.451934 0.797396 0.057444 0.148958
14 0.486811 0.564063 0.052169 0.088542
14 0.495897 0.787500 0.045721 0.135417
14 0.516413 0.649479 0.058617 0.101042
14 0.449004 0.656771 0.051583 0.103125
14 0.525791 0.760417 0.037515 0.118750
14 0.558324 0.736458 0.033411 0.104167
14 0.465416 0.285417 0.038687 0.100000
14 0.515826 0.288542 0.037515 0.097917
14 0.433177 0.281771 0.019930 0.082292
8 0.588218 0.201563 0.047479 0.073958
8 0.633060 0.196875 0.045721 0.075000
8 0.592321 0.269792 0.043962 0.079167
8 0.629543 0.265625 0.032825 0.081250
8 0.679953 0.256771 0.033998 0.069792
8 0.659144 0.269792 0.028722 0.075000
13 0.555979 0.265625 0.038101 0.127083
13 0.537515 0.267188 0.032825 0.121875
1 0.615768 0.397396 0.015826 0.059375
1 0.626026 0.386458 0.014068 0.045833
1 0.636870 0.385417 0.012309 0.045833
1 0.645955 0.388542 0.009379 0.050000
1 0.656800 0.390625 0.013482 0.050000
1 0.663540 0.388542 0.011723 0.056250
19 0.686694 0.502083 0.086166 0.185417
19 0.712778 0.498958 0.080891 0.145833
19 0.714537 0.490104 0.078546 0.140625
19 0.683177 0.548438 0.060375 0.161458
19 0.704279 0.507812 0.088511 0.155208
2 0.562427 0.405729 0.034584 0.115625
2 0.582356 0.397396 0.022860 0.098958
2 0.600528 0.389583 0.014654 0.108333
