32 0.581191 0.622744 0.067659 0.155235
32 0.644452 0.627256 0.064276 0.173285
32 0.707037 0.636282 0.071719 0.173285
32 0.770636 0.617329 0.085250 0.169675
32 0.843031 0.644404 0.060893 0.176895
32 0.922192 0.640343 0.094723 0.172383
32 0.672869 0.802347 0.073748 0.191336
32 0.757104 0.812274 0.092016 0.209386
32 0.848106 0.833484 0.107578 0.204874
32 0.927267 0.832130 0.100812 0.189531
22 0.592355 0.772112 0.058863 0.163357
22 0.624493 0.788357 0.028417 0.152527
22 0.554804 0.797383 0.029770 0.138087
8 0.680988 0.439079 0.099459 0.098375
8 0.732747 0.369134 0.074425 0.104693
8 0.637686 0.300542 0.107578 0.128159
8 0.583221 0.437726 0.087957 0.086643
8 0.800744 0.377708 0.062923 0.109206
8 0.881935 0.362365 0.092693 0.123646
8 0.866035 0.452617 0.093369 0.085740
8 0.871110 0.267148 0.085927 0.095668
8 0.789919 0.266697 0.080514 0.092960
8 0.723275 0.256318 0.074425 0.111913
9 0.316306 0.591606 0.087280 0.177798
9 0.246279 0.601083 0.086604 0.185921
