10 0.490035 0.391146 0.022274 0.084375
10 0.514068 0.397396 0.035170 0.082292
10 0.545135 0.388542 0.035170 0.079167
10 0.573857 0.379167 0.032825 0.064583
11 0.538980 0.176563 0.025205 0.046875
11 0.544549 0.239583 0.026964 0.050000
11 0.558324 0.173437 0.018171 0.044792
11 0.519050 0.173958 0.015826 0.045833
11 0.587339 0.172396 0.022274 0.038542
11 0.569461 0.236979 0.026377 0.048958
11 0.604338 0.228125 0.024619 0.047917
11 0.622216 0.225000 0.019343 0.041667
35 0.699590 0.328646 0.028722 0.044792
