4 0.573271 0.619792 0.070340 0.166667
4 0.555979 0.645833 0.073271 0.162500
4 0.583822 0.595833 0.080891 0.179167
4 0.600234 0.593750 0.077374 0.177083
4 0.614596 0.570833 0.077960 0.160417
25 0.365768 0.617708 0.053927 0.191667
25 0.334701 0.590104 0.042204 0.184375
25 0.294549 0.556250 0.041618 0.164583
25 0.277550 0.514583 0.024033 0.152083
25 0.260551 0.523958 0.028722 0.162500
23 0.517585 0.326562 0.031653 0.123958
23 0.480363 0.334896 0.043962 0.126042
23 0.436108 0.325521 0.036342 0.123958
23 0.393611 0.301042 0.048652 0.125000
23 0.361372 0.286979 0.041618 0.128125
14 0.621043 0.421354 0.086166 0.103125
14 0.640387 0.388542 0.068581 0.070833
14 0.665592 0.363021 0.066237 0.042708
14 0.667351 0.568750 0.031067 0.118750
14 0.685522 0.534896 0.032239 0.115625
14 0.708968 0.513542 0.027550 0.129167
14 0.728312 0.473438 0.020516 0.084375
13 0.575029 0.131250 0.041032 0.143750
13 0.605217 0.134896 0.022860 0.132292
13 0.636577 0.264583 0.033998 0.116667
13 0.662661 0.252083 0.025205 0.122917
13 0.682884 0.246875 0.017585 0.116667
27 0.721571 0.318750 0.057444 0.052083
27 0.767292 0.433854 0.024619 0.088542
29 0.223036 0.443229 0.089683 0.167708
15 0.121630 0.190104 0.020516 0.026042
15 0.145369 0.188021 0.021102 0.032292
15 0.121630 0.156771 0.016999 0.030208
15 0.095252 0.146875 0.015826 0.027083
15 0.095252 0.229687 0.015826 0.023958
15 0.111372 0.245312 0.019930 0.034375
15 0.135404 0.207292 0.018757 0.029167
15 0.084701 0.191667 0.019343 0.025000
15 0.082943 0.147396 0.012309 0.026042
15 0.061547 0.225521 0.016413 0.023958
15 0.078546 0.224479 0.016413 0.032292
15 0.081770 0.250521 0.014654 0.023958
15 0.086460 0.274479 0.015826 0.026042
15 0.102286 0.274479 0.016999 0.023958
15 0.122509 0.267708 0.018757 0.027083
15 0.124267 0.225521 0.015240 0.026042
15 0.150352 0.252083 0.015826 0.025000
15 0.142732 0.231771 0.014654 0.023958
15 0.139801 0.263542 0.016999 0.022917
15 0.054513 0.247917 0.014068 0.022917
15 0.068875 0.269792 0.015826 0.029167
15 0.177315 0.191667 0.015826 0.025000
15 0.189039 0.191146 0.013482 0.021875
15 0.068875 0.193750 0.014654 0.025000
15 0.098476 0.207292 0.017585 0.022917
