15 0.536049 0.566146 0.048652 0.055208
15 0.515826 0.608333 0.057444 0.060417
15 0.442263 0.621354 0.032239 0.057292
15 0.473329 0.596354 0.040445 0.061458
15 0.520223 0.442188 0.050996 0.055208
15 0.477140 0.448437 0.031653 0.036458
15 0.563013 0.623958 0.034584 0.068750
15 0.523447 0.644271 0.036342 0.023958
10 0.886577 0.335417 0.039273 0.054167
10 0.851407 0.330208 0.033411 0.054167
10 0.816823 0.327604 0.033411 0.057292
10 0.781653 0.331250 0.031067 0.045833
10 0.744431 0.328646 0.036342 0.053125
10 0.711313 0.325000 0.032239 0.060417
10 0.680832 0.326562 0.027550 0.046875
10 0.650938 0.330729 0.034584 0.059375
10 0.977726 0.619792 0.043376 0.070833
10 0.904162 0.622917 0.046307 0.062500
10 0.707210 0.451042 0.043962 0.052083
10 0.745311 0.445312 0.038101 0.055208
10 0.696659 0.581771 0.034584 0.063542
10 0.727140 0.602604 0.046307 0.065625
10 0.770223 0.578125 0.041032 0.052083
