9 0.316306 0.672383 0.060217 0.111913
9 0.351150 0.593412 0.056834 0.065884
9 0.329161 0.578069 0.052097 0.071300
9 0.251353 0.621841 0.058863 0.086643
25 0.359269 0.700361 0.062246 0.129964
25 0.379229 0.717960 0.048038 0.127256
25 0.399526 0.726083 0.042625 0.103791
25 0.423884 0.740523 0.056157 0.134477
25 0.447226 0.739621 0.048714 0.120036
25 0.468539 0.746390 0.056157 0.117329
25 0.496955 0.748646 0.052097 0.085740
25 0.458051 0.612816 0.050068 0.117329
1 0.493234 0.467509 0.027064 0.077617
1 0.466509 0.478339 0.026387 0.074007
1 0.445535 0.474278 0.034506 0.078520
1 0.470230 0.351534 0.044655 0.069495
1 0.439107 0.347473 0.051421 0.072202
1 0.420839 0.338899 0.041949 0.074910
1 0.396143 0.447202 0.057510 0.073105
1 0.381935 0.440884 0.053451 0.069495
1 0.356225 0.442238 0.060217 0.061372
1 0.335250 0.432762 0.052097 0.064079
32 0.195196 0.593863 0.050744 0.075812
32 0.126861 0.545126 0.038566 0.070397
32 0.179635 0.578520 0.045332 0.077617
32 0.260149 0.539260 0.039919 0.065884
32 0.270636 0.485560 0.037889 0.046931
32 0.255074 0.477888 0.035183 0.053249
19 0.623478 0.587996 0.089986 0.132671
19 0.642422 0.574458 0.084574 0.130866
19 0.650880 0.565433 0.078484 0.138087
19 0.669486 0.550993 0.076455 0.139892
19 0.682679 0.545126 0.074425 0.129964
19 0.691813 0.539711 0.072395 0.128159
19 0.697903 0.535650 0.066982 0.127256
19 0.707037 0.527076 0.059540 0.111913
19 0.719892 0.523917 0.055480 0.118231
19 0.756428 0.513538 0.075778 0.102888
19 0.753721 0.518051 0.063599 0.108303
12 0.550744 0.435469 0.043302 0.100181
12 0.587618 0.424639 0.031800 0.092960
12 0.629229 0.410199 0.039242 0.073105
12 0.655616 0.401173 0.032476 0.069495
10 0.570704 0.343412 0.030447 0.044224
10 0.548714 0.342509 0.029770 0.051444
10 0.530108 0.345217 0.030447 0.056859
38 0.559540 0.587545 0.094723 0.079422
38 0.540257 0.607852 0.102165 0.096570
