11 0.402110 0.623437 0.072685 0.088542
11 0.449590 0.584375 0.062134 0.083333
11 0.396835 0.546875 0.060961 0.070833
11 0.351700 0.584896 0.063306 0.080208
11 0.307444 0.621354 0.069754 0.063542
11 0.312134 0.554688 0.058030 0.069792
11 0.361372 0.518229 0.054513 0.061458
11 0.409437 0.688021 0.066237 0.065625
11 0.458382 0.647396 0.050410 0.057292
11 0.511137 0.439583 0.052755 0.045833
11 0.550996 0.453646 0.046893 0.053125
11 0.596717 0.476562 0.052755 0.053125
11 0.540152 0.412500 0.048652 0.043750
11 0.583529 0.432812 0.045135 0.046875
11 0.626905 0.447396 0.053341 0.048958
15 0.757620 0.253125 0.061547 0.116667
15 0.697831 0.228125 0.036928 0.081250
15 0.746483 0.217188 0.041618 0.053125
15 0.470399 0.242708 0.061547 0.058333
