1 0.350181 0.274019 0.064982 0.071719
1 0.403881 0.240189 0.062274 0.100135
1 0.583484 0.277064 0.094765 0.068336
1 0.632220 0.270974 0.082130 0.057510
1 0.681859 0.263532 0.062274 0.073748
35 0.212094 0.229702 0.064982 0.060217
35 0.139440 0.233424 0.065884 0.059540
10 0.254513 0.399526 0.079422 0.062923
10 0.342058 0.401556 0.079422 0.060217
10 0.481949 0.403586 0.072202 0.064276
10 0.587996 0.425913 0.085740 0.062923
10 0.644856 0.403924 0.064079 0.059540
10 0.814079 0.492896 0.088448 0.071042
10 0.728791 0.505074 0.105596 0.058863
10 0.537004 0.496617 0.090253 0.059540
10 0.464350 0.510825 0.083935 0.060893
10 0.380415 0.494249 0.087545 0.065629
10 0.722473 0.603857 0.098375 0.069689
10 0.585740 0.605210 0.099278 0.064276
10 0.522112 0.594723 0.091155 0.070365
10 0.430054 0.583559 0.080325 0.071042
10 0.319043 0.573410 0.094765 0.060217
10 0.232852 0.567321 0.083032 0.069689
10 0.154332 0.571380 0.086643 0.069689
