27 0.738277 0.609896 0.097890 0.148958
27 0.644490 0.594271 0.094373 0.155208
27 0.546014 0.567708 0.077960 0.152083
27 0.504689 0.527604 0.059789 0.132292
27 0.572392 0.410417 0.063892 0.066667
8 0.280481 0.389583 0.041618 0.066667
8 0.335580 0.383854 0.039273 0.069792
8 0.357562 0.409896 0.033998 0.073958
8 0.403283 0.395833 0.049238 0.079167
8 0.448124 0.402083 0.042790 0.075000
8 0.420868 0.444792 0.037515 0.041667
8 0.383646 0.438021 0.038101 0.042708
8 0.386870 0.343229 0.039859 0.040625
7 0.419988 0.545833 0.045135 0.104167
7 0.457210 0.453646 0.035170 0.057292
7 0.492380 0.407292 0.036342 0.047917
7 0.367233 0.570833 0.059203 0.052083
22 0.305100 0.507812 0.042790 0.036458
22 0.258206 0.531250 0.046307 0.029167
22 0.326202 0.500000 0.043962 0.041667
22 0.383646 0.482292 0.033411 0.029167
22 0.258206 0.458333 0.035756 0.031250
22 0.291911 0.462500 0.030481 0.022917
22 0.211606 0.494271 0.035170 0.030208
22 0.242966 0.486458 0.024033 0.018750
22 0.156506 0.466146 0.025791 0.026042
22 0.195193 0.507812 0.033998 0.026042
