31 0.365359 0.670126 0.067659 0.100181
31 0.428281 0.695397 0.063599 0.089350
31 0.439445 0.781588 0.058863 0.077617
31 0.350812 0.775271 0.072395 0.086643
31 0.301759 0.667870 0.096076 0.102888
31 0.301083 0.754061 0.058187 0.092960
31 0.237821 0.621390 0.073748 0.074910
31 0.219553 0.598375 0.088633 0.086643
31 0.189445 0.582581 0.069012 0.082130
31 0.253045 0.742780 0.040595 0.050542
1 0.504060 0.342509 0.037889 0.076715
1 0.525710 0.341155 0.037889 0.072202
1 0.544317 0.334386 0.037212 0.076715
1 0.568674 0.332581 0.039919 0.080325
1 0.586265 0.328971 0.035859 0.073105
1 0.603518 0.328069 0.036536 0.073105
1 0.529432 0.267599 0.030447 0.051444
1 0.559540 0.264440 0.023004 0.043321
1 0.577131 0.264440 0.023004 0.045126
1 0.634980 0.263989 0.022327 0.040614
6 0.764885 0.309116 0.029093 0.040614
6 0.747632 0.312274 0.027064 0.050542
35 0.587618 0.428700 0.035859 0.039711
35 0.631597 0.418321 0.027740 0.038809
35 0.622801 0.452166 0.033153 0.041516
10 0.566306 0.561823 0.031123 0.042419
10 0.572733 0.531588 0.039919 0.039711
10 0.602165 0.554603 0.035183 0.046029
10 0.632273 0.541065 0.027740 0.042419
10 0.655954 0.525271 0.030447 0.046931
10 0.625169 0.616877 0.036536 0.044224
10 0.666103 0.587996 0.037212 0.040614
10 0.693166 0.574458 0.034506 0.047834
10 0.710419 0.558664 0.029770 0.041516
10 0.749323 0.543321 0.029093 0.043321
10 0.784844 0.587996 0.025710 0.046029
10 0.675575 0.513538 0.025034 0.037906
10 0.715832 0.500000 0.028417 0.039711
10 0.630920 0.663357 0.038566 0.039711
10 0.664750 0.645758 0.033153 0.047834
11 0.761840 0.505415 0.025710 0.032491
11 0.777064 0.501805 0.020974 0.028881
11 0.790257 0.492780 0.023004 0.027076
11 0.796008 0.546931 0.025034 0.032491
11 0.811231 0.541516 0.021651 0.023466
11 0.825101 0.533394 0.022327 0.027076
11 0.838633 0.526625 0.019621 0.029783
11 0.807510 0.580325 0.016915 0.032491
11 0.822057 0.574910 0.014885 0.030686
11 0.833897 0.567238 0.015562 0.029783
11 0.848444 0.560018 0.016238 0.029783
8 0.855210 0.485108 0.032476 0.042419
8 0.861299 0.444495 0.031123 0.037004
8 0.875507 0.528881 0.035183 0.043321
8 0.906292 0.467509 0.030447 0.043321
8 0.930311 0.495939 0.025710 0.038809
37 0.503383 0.466155 0.041949 0.058664
37 0.529770 0.452617 0.047361 0.064079
