25 0.101986 0.274696 0.075812 0.066306
25 0.122744 0.264547 0.066787 0.079838
25 0.160650 0.273004 0.070397 0.100812
25 0.210289 0.282476 0.050542 0.125169
25 0.256769 0.260149 0.071300 0.069689
9 0.380866 0.551421 0.072202 0.120433
9 0.453069 0.536198 0.070397 0.108931
9 0.514892 0.438430 0.118231 0.048714
32 0.502256 0.570027 0.103791 0.077808
8 0.536552 0.498647 0.091155 0.069012
8 0.629964 0.516238 0.111913 0.082544
8 0.610560 0.441475 0.101986 0.071042
13 0.794675 0.072057 0.159747 0.133288
13 0.771661 0.169824 0.119134 0.123139
22 0.532040 0.889378 0.071300 0.035859
10 0.064531 0.903924 0.111011 0.093369
10 0.095668 0.814614 0.075812 0.083897
10 0.040614 0.828484 0.079422 0.087280
10 0.033845 0.744249 0.065884 0.075778
10 0.072653 0.729026 0.078520 0.075101
10 0.139892 0.800744 0.050542 0.080514
39 0.489170 0.736130 0.108303 0.112314
39 0.515794 0.829161 0.092960 0.085927
39 0.427347 0.835927 0.094765 0.094046
39 0.404783 0.713802 0.064079 0.106901
39 0.332581 0.711434 0.074910 0.095399
39 0.356498 0.817659 0.052347 0.095399
22 0.530686 0.888024 0.072202 0.037212
38 0.141245 0.512517 0.127256 0.018268
38 0.152076 0.547700 0.125451 0.023681
38 0.191336 0.452977 0.063177 0.066982
