27 0.423505 0.894792 0.080305 0.210417
27 0.501758 0.872396 0.086753 0.192708
27 0.545135 0.835938 0.084408 0.176042
27 0.582063 0.780208 0.077374 0.175000
27 0.620457 0.747917 0.083822 0.133333
27 0.380422 0.850521 0.077374 0.219792
27 0.456917 0.738021 0.086166 0.121875
27 0.507034 0.694271 0.058617 0.101042
27 0.542204 0.652083 0.056272 0.106250
27 0.506448 0.586979 0.052755 0.078125
27 0.664127 0.700000 0.037515 0.131250
27 0.591149 0.631771 0.043962 0.101042
27 0.604924 0.543229 0.058617 0.092708
27 0.479484 0.283333 0.053927 0.114583
27 0.533998 0.281771 0.065651 0.107292
27 0.437573 0.306771 0.048652 0.092708
22 0.387456 0.457292 0.023447 0.085417
22 0.413540 0.479167 0.022860 0.077083
22 0.432298 0.484375 0.026377 0.093750
22 0.459555 0.490104 0.031653 0.096875
22 0.487397 0.481250 0.041618 0.085417
22 0.507913 0.471354 0.031067 0.092708
22 0.536049 0.448958 0.038101 0.045833
22 0.548066 0.445833 0.033998 0.041667
22 0.569461 0.431771 0.039273 0.038542
22 0.606096 0.410417 0.038687 0.035417
12 0.585873 0.274479 0.054513 0.111458
12 0.612544 0.265625 0.037515 0.110417
12 0.653283 0.269271 0.029894 0.109375
12 0.682005 0.261458 0.025205 0.112500
12 0.652403 0.506250 0.066823 0.058333
12 0.679953 0.484375 0.057444 0.058333
12 0.721864 0.627083 0.035756 0.085417
12 0.740914 0.605208 0.022274 0.068750
12 0.755275 0.589063 0.024033 0.069792
12 0.682005 0.560937 0.038101 0.044792
12 0.706917 0.538021 0.035170 0.051042
8 0.789566 0.424479 0.035170 0.055208
8 0.824443 0.420312 0.031067 0.051042
8 0.827374 0.468750 0.033411 0.043750
8 0.854045 0.510417 0.035170 0.064583
9 0.391852 0.285417 0.056858 0.087500
23 0.372509 0.427083 0.043962 0.120833
23 0.345838 0.413542 0.046893 0.114583
25 0.229777 0.621875 0.062134 0.154167
25 0.201348 0.588021 0.052169 0.155208
25 0.179953 0.566146 0.065651 0.078125
