27 0.260844 0.420312 0.082063 0.123958
27 0.349941 0.418229 0.079719 0.126042
27 0.429660 0.422396 0.084408 0.113542
27 0.416764 0.740625 0.091442 0.160417
27 0.312134 0.733333 0.109613 0.162500
27 0.218933 0.742188 0.079132 0.153125
27 0.332649 0.604688 0.084994 0.119792
27 0.249414 0.612500 0.077960 0.102083
7 0.535463 0.747396 0.050996 0.117708
7 0.579132 0.730208 0.044549 0.131250
7 0.627784 0.740104 0.052755 0.107292
7 0.662954 0.725000 0.051583 0.083333
7 0.740035 0.760417 0.058030 0.118750
7 0.510844 0.455729 0.036928 0.071875
7 0.547773 0.455208 0.034584 0.058333
7 0.586460 0.446354 0.035756 0.082292
