0 0.232415 0.404167 0.056858 0.068750
0 0.265826 0.369271 0.038101 0.061458
0 0.254689 0.433854 0.052169 0.080208
0 0.218054 0.488021 0.050410 0.055208
5 0.128077 0.618750 0.022860 0.075000
5 0.153869 0.631771 0.029894 0.082292
5 0.192849 0.634896 0.045721 0.073958
5 0.175264 0.559375 0.036342 0.072917
6 0.376612 0.326042 0.042790 0.120833
6 0.342614 0.319271 0.027550 0.113542
6 0.324443 0.323437 0.021688 0.119792
6 0.304807 0.321354 0.017585 0.123958
6 0.292497 0.316667 0.009379 0.106250
6 0.423212 0.635417 0.035170 0.091667
6 0.445487 0.459375 0.030481 0.075000
6 0.436401 0.526563 0.027550 0.073958
6 0.471571 0.462500 0.024033 0.062500
6 0.475381 0.355208 0.035170 0.068750
6 0.512016 0.354687 0.034584 0.076042
6 0.532532 0.622917 0.029894 0.089583
6 0.565358 0.632812 0.033411 0.088542
6 0.559203 0.537500 0.029308 0.064583
6 0.527257 0.542188 0.029894 0.076042
6 0.507620 0.497396 0.031653 0.078125
6 0.553927 0.465625 0.024619 0.075000
14 0.552755 0.334375 0.049238 0.104167
14 0.597597 0.340104 0.045135 0.098958
14 0.631301 0.334375 0.035170 0.114583
8 0.425557 0.204167 0.046893 0.075000
8 0.414420 0.149479 0.043376 0.069792
8 0.371630 0.145833 0.042204 0.068750
8 0.330305 0.176563 0.039273 0.073958
8 0.361079 0.205729 0.044549 0.071875
8 0.448124 0.139063 0.029894 0.055208
9 0.545721 0.201563 0.043376 0.090625
9 0.588218 0.196354 0.045135 0.096875
9 0.629543 0.195312 0.042204 0.096875
9 0.546893 0.121875 0.041032 0.068750
9 0.589390 0.116667 0.036928 0.068750
9 0.674678 0.189062 0.043376 0.111458
9 0.719226 0.192708 0.045721 0.100000
9 0.670281 0.118229 0.039273 0.048958
9 0.764654 0.196354 0.043962 0.090625
9 0.809496 0.198958 0.044549 0.089583
9 0.851114 0.200000 0.042204 0.093750
9 0.889215 0.194792 0.043376 0.089583
9 0.925557 0.195312 0.049238 0.101042
9 0.910610 0.118750 0.038101 0.064583
9 0.869578 0.119792 0.041618 0.062500
9 0.795428 0.113021 0.041032 0.059375
9 0.752931 0.116667 0.042790 0.068750
14 0.667351 0.337500 0.039273 0.097917
14 0.703107 0.337500 0.036928 0.108333
14 0.827081 0.340625 0.051583 0.104167
10 0.756448 0.490625 0.043962 0.068750
10 0.784877 0.475521 0.030481 0.055208
10 0.800410 0.556771 0.035756 0.055208
10 0.788394 0.653125 0.046893 0.075000
10 0.736225 0.651563 0.049238 0.069792
10 0.690211 0.644792 0.042790 0.079167
10 0.684936 0.543229 0.027550 0.067708
10 0.751758 0.560937 0.043962 0.059375
10 0.713658 0.490625 0.043962 0.058333
10 0.685815 0.466667 0.025791 0.037500
7 0.862544 0.623437 0.077960 0.132292
7 0.842028 0.492708 0.063892 0.062500
7 0.825909 0.457813 0.064478 0.105208
7 0.942263 0.444271 0.094373 0.090625
7 0.921454 0.528646 0.063306 0.082292
7 0.924385 0.627083 0.069168 0.127083
