6 0.331679 0.672869 0.087545 0.075101
6 0.412455 0.665765 0.074007 0.060893
6 0.475632 0.642084 0.048736 0.070365
6 0.361913 0.609946 0.064982 0.068336
6 0.265794 0.668471 0.058664 0.085250
6 0.226986 0.653586 0.074910 0.073072
6 0.174639 0.634303 0.053249 0.054804
6 0.142599 0.615359 0.039711 0.054804
6 0.290162 0.599459 0.065884 0.050068
6 0.359206 0.539242 0.057762 0.052774
6 0.314079 0.534168 0.041516 0.053451
6 0.119134 0.602165 0.043321 0.047361
6 0.222473 0.509472 0.046029 0.047361
6 0.176444 0.550744 0.044224 0.041949
6 0.076264 0.571042 0.038809 0.037889
11 0.300090 0.468539 0.049639 0.033153
11 0.244134 0.442490 0.051444 0.037889
11 0.196751 0.432679 0.046931 0.027740
11 0.173736 0.424560 0.031588 0.030447
11 0.583935 0.556834 0.030686 0.029770
11 0.609206 0.552774 0.030686 0.027064
11 0.631318 0.545670 0.027978 0.027740
11 0.611462 0.501015 0.026173 0.022327
11 0.606498 0.524696 0.036101 0.027740
11 0.584838 0.507442 0.025271 0.023004
11 0.564531 0.513194 0.026173 0.030447
9 0.471570 0.358593 0.053249 0.062246
9 0.532491 0.348782 0.057762 0.060217
9 0.603339 0.347091 0.053249 0.047361
9 0.531588 0.305142 0.046931 0.032476
9 0.599729 0.304465 0.029783 0.041949
9 0.481047 0.307848 0.039711 0.039242
11 0.579422 0.616373 0.030686 0.024357
11 0.604242 0.606901 0.033394 0.023004
21 0.513538 0.624831 0.036101 0.050744
21 0.535199 0.608593 0.045126 0.068336
11 0.337996 0.470907 0.033394 0.028417
19 0.078520 0.512855 0.128159 0.110961
19 0.105596 0.516915 0.137184 0.124493
6 0.431859 0.594046 0.053249 0.046008
