2 0.676252 0.790614 0.126522 0.117329
2 0.526049 0.656137 0.099459 0.138989
2 0.401894 0.695397 0.110961 0.100181
2 0.520974 0.524819 0.073072 0.092960
2 0.434709 0.529783 0.099459 0.072202
2 0.298038 0.623646 0.069689 0.101083
2 0.174560 0.741877 0.085250 0.101083
2 0.164073 0.651625 0.072395 0.090253
2 0.256428 0.560469 0.078484 0.079422
2 0.275710 0.493231 0.073748 0.073105
2 0.342016 0.436823 0.071042 0.084838
2 0.348106 0.373195 0.058863 0.071300
2 0.267253 0.440433 0.067659 0.074007
2 0.211773 0.526173 0.058187 0.075812
2 0.206698 0.476986 0.060217 0.042419
37 0.721583 0.235560 0.099459 0.169675
37 0.597767 0.245036 0.089986 0.148917
37 0.464479 0.245487 0.108931 0.155235
37 0.388363 0.215704 0.082544 0.142599
