12 0.364302 0.526042 0.069754 0.095833
12 0.359027 0.656771 0.087339 0.159375
12 0.390387 0.789583 0.078546 0.189583
12 0.340270 0.831771 0.067409 0.209375
12 0.276964 0.803646 0.067409 0.221875
12 0.242380 0.710938 0.018171 0.182292
12 0.313599 0.513021 0.070340 0.113542
12 0.384525 0.214583 0.036342 0.147917
12 0.424385 0.223958 0.039859 0.150000
2 0.422626 0.427604 0.046893 0.078125
2 0.442849 0.349479 0.042790 0.067708
2 0.509672 0.409375 0.034584 0.066667
2 0.478312 0.352083 0.046893 0.050000
2 0.475381 0.416667 0.035170 0.077083
2 0.381008 0.425521 0.036342 0.076042
2 0.524912 0.397917 0.029894 0.087500
0 0.449590 0.677083 0.073857 0.308333
0 0.483294 0.655729 0.060375 0.296875
0 0.516706 0.660417 0.076788 0.239583
0 0.557444 0.681250 0.071512 0.147917
0 0.580012 0.597917 0.070926 0.277083
1 0.545135 0.391667 0.022274 0.083333
1 0.563599 0.388542 0.014654 0.083333
1 0.576202 0.382292 0.015240 0.083333
1 0.588511 0.383333 0.012896 0.075000
1 0.599648 0.378125 0.011723 0.079167
1 0.613716 0.377604 0.014068 0.080208
1 0.624853 0.374479 0.015240 0.078125
1 0.572685 0.318750 0.043376 0.045833
1 0.594666 0.317188 0.045135 0.048958
13 0.531946 0.203125 0.042790 0.154167
13 0.564478 0.211458 0.031653 0.137500
2 0.641266 0.325000 0.038687 0.045833
2 0.648007 0.232292 0.032239 0.068750
6 0.672333 0.333333 0.036342 0.108333
6 0.699590 0.326042 0.022860 0.108333
6 0.733294 0.323437 0.033998 0.111458
6 0.759379 0.319792 0.022860 0.095833
8 0.733001 0.200521 0.042790 0.082292
8 0.704572 0.157812 0.036342 0.057292
8 0.672919 0.154688 0.032825 0.048958
8 0.642732 0.153125 0.031067 0.047917
13 0.618699 0.650000 0.048652 0.168750
13 0.695780 0.605729 0.036342 0.142708
13 0.733587 0.589063 0.038101 0.148958
13 0.604631 0.492188 0.035756 0.076042
4 0.776084 0.546875 0.039859 0.150000
4 0.763482 0.568750 0.024033 0.133333
0 0.818581 0.459896 0.061547 0.078125
0 0.823271 0.550000 0.056858 0.097917
0 0.784877 0.403125 0.049238 0.077083
0 0.834994 0.423438 0.046307 0.071875
0 0.853165 0.536979 0.042790 0.094792
0 0.878077 0.521354 0.050410 0.092708
