1 0.371336 0.309896 0.035756 0.126042
1 0.419695 0.326562 0.043376 0.113542
1 0.447538 0.331250 0.046307 0.114583
1 0.550410 0.316146 0.042204 0.105208
1 0.577667 0.307292 0.035756 0.093750
1 0.599062 0.304688 0.042204 0.096875
1 0.508792 0.309896 0.028136 0.138542
13 0.489156 0.768750 0.082649 0.212500
13 0.417644 0.809375 0.082649 0.168750
13 0.555100 0.908333 0.049238 0.183333
13 0.348769 0.911458 0.059789 0.177083
13 0.301290 0.889583 0.035170 0.220833
13 0.258206 0.847917 0.047479 0.245833
13 0.346131 0.682292 0.047479 0.100000
9 0.342028 0.291667 0.042790 0.112500
10 0.608441 0.914583 0.050410 0.125000
10 0.635698 0.865625 0.047479 0.118750
10 0.659144 0.821875 0.039273 0.100000
10 0.675557 0.785937 0.040445 0.098958
10 0.694314 0.748958 0.034584 0.091667
10 0.608734 0.735417 0.042790 0.102083
10 0.630129 0.703125 0.036342 0.087500
10 0.647714 0.675000 0.033998 0.097917
10 0.573564 0.618229 0.049824 0.063542
10 0.543669 0.635417 0.052169 0.064583
10 0.516706 0.656771 0.047479 0.069792
10 0.577374 0.763542 0.039859 0.091667
19 0.680539 0.616667 0.100821 0.231250
19 0.700762 0.599479 0.086166 0.207292
19 0.664713 0.646354 0.112544 0.203125
19 0.714830 0.584896 0.084994 0.180208
19 0.728019 0.566667 0.071512 0.206250
13 0.773740 0.603646 0.022274 0.101042
13 0.793083 0.580729 0.019930 0.088542
10 0.699590 0.412500 0.024033 0.056250
10 0.638335 0.309896 0.021102 0.065625
10 0.652403 0.303125 0.017585 0.062500
