1 0.537889 0.235108 0.058187 0.114621
1 0.579499 0.238718 0.057510 0.118231
1 0.624493 0.224278 0.039242 0.098375
1 0.729364 0.235108 0.058187 0.096570
1 0.680988 0.406137 0.057510 0.108303
1 0.721922 0.396661 0.060893 0.112816
1 0.750677 0.384025 0.052097 0.121841
1 0.593031 0.424639 0.049391 0.125451
1 0.516915 0.407942 0.060893 0.104693
5 0.864005 0.496841 0.070365 0.096570
5 0.802774 0.524819 0.062923 0.083935
5 0.839648 0.608755 0.067659 0.080325
5 0.902571 0.593412 0.060893 0.085740
5 0.930988 0.662455 0.046008 0.074007
5 0.945873 0.581679 0.050068 0.065884
5 0.751353 0.569495 0.060217 0.106498
5 0.792963 0.731047 0.064953 0.113718
5 0.838295 0.699910 0.073072 0.103791
5 0.884303 0.680957 0.044655 0.080325
5 0.691475 0.542419 0.056834 0.066787
5 0.685386 0.595217 0.087957 0.087545
5 0.704668 0.676444 0.054804 0.092960
5 0.727673 0.769404 0.073748 0.116426
5 0.657984 0.811823 0.081867 0.107401
5 0.584574 0.829422 0.064953 0.124549
5 0.570704 0.718863 0.072395 0.114621
5 0.644790 0.706679 0.074425 0.101083
5 0.621110 0.601534 0.086604 0.100181
5 0.561231 0.654783 0.071042 0.051444
5 0.563261 0.585289 0.061570 0.083935
9 0.492558 0.378159 0.052774 0.106498
9 0.472598 0.358755 0.042625 0.111011
9 0.441137 0.349278 0.035183 0.093863
35 0.496279 0.917419 0.071042 0.069495
35 0.509811 0.740975 0.049391 0.092058
35 0.431326 0.881769 0.058863 0.083032
35 0.397835 0.824007 0.047361 0.102888
35 0.468539 0.711643 0.054804 0.080325
35 0.517591 0.614170 0.040595 0.064079
35 0.402909 0.723375 0.039919 0.074910
35 0.440460 0.678249 0.041949 0.065884
35 0.482409 0.573556 0.031123 0.065884
35 0.327470 0.603339 0.028417 0.051444
35 0.453315 0.554603 0.027064 0.064079
35 0.472260 0.503610 0.025710 0.054152
31 0.276725 0.494134 0.075778 0.107401
31 0.251691 0.451715 0.069012 0.094765
31 0.244587 0.395307 0.069689 0.097473
31 0.205345 0.362365 0.053451 0.100181
32 0.535183 0.129513 0.047361 0.080325
32 0.565968 0.143051 0.048038 0.062274
32 0.508457 0.220668 0.048038 0.091155
32 0.503721 0.119134 0.035859 0.079422
