11 0.505275 0.583333 0.055100 0.064583
11 0.546893 0.611458 0.069168 0.085417
11 0.578839 0.540625 0.059203 0.091667
11 0.625733 0.562500 0.063892 0.085417
11 0.650059 0.631771 0.080891 0.101042
11 0.689039 0.587500 0.074443 0.093750
11 0.608148 0.494271 0.060375 0.065625
11 0.709261 0.718750 0.083236 0.091667
11 0.742380 0.666667 0.073271 0.089583
11 0.774619 0.618750 0.070926 0.085417
7 0.774619 0.411979 0.103751 0.107292
7 0.817995 0.380729 0.052169 0.161458
7 0.742673 0.437500 0.086753 0.095833
7 0.645076 0.403646 0.074443 0.065625
