19 0.939982 0.509811 0.120036 0.559540
39 0.263989 0.292963 0.156137 0.097429
39 0.429603 0.272327 0.135379 0.111637
39 0.590253 0.275034 0.146209 0.110284
39 0.742780 0.270636 0.158845 0.121786
39 0.200812 0.462111 0.170578 0.142084
39 0.347473 0.490866 0.129964 0.163058
39 0.479242 0.508457 0.133574 0.129229
39 0.629964 0.506428 0.155235 0.129229
39 0.796480 0.525034 0.165162 0.125846
39 0.817238 0.436739 0.147112 0.077808
39 0.502708 0.432003 0.140794 0.071042
39 0.170578 0.670839 0.157040 0.131935
39 0.308664 0.685724 0.137184 0.114344
39 0.455325 0.700271 0.156137 0.113667
39 0.632220 0.712449 0.154332 0.113667
39 0.799188 0.726996 0.165162 0.084574
39 0.509025 0.647835 0.133574 0.123816
39 0.319495 0.605548 0.129964 0.075778
39 0.643051 0.621786 0.121841 0.075778
39 0.807762 0.633965 0.144404 0.075778
19 0.934116 0.507442 0.108303 0.520974
