19 0.815064 0.518750 0.065064 0.333333
19 0.864889 0.544792 0.034584 0.291667
19 0.953400 0.511979 0.047479 0.311458
19 0.909730 0.545833 0.029308 0.295833
19 0.769050 0.551562 0.015240 0.240625
4 0.494725 0.467708 0.038687 0.100000
4 0.498828 0.386979 0.037515 0.069792
4 0.516706 0.473958 0.033411 0.095833
19 0.558910 0.833333 0.050996 0.295833
19 0.599062 0.823438 0.057444 0.317708
19 0.659144 0.851042 0.062720 0.283333
19 0.604631 0.785417 0.067409 0.356250
19 0.500879 0.691667 0.061547 0.214583
19 0.481243 0.685937 0.044549 0.190625
19 0.296307 0.663542 0.070926 0.208333
19 0.325322 0.718750 0.060961 0.264583
19 0.300410 0.770833 0.043962 0.143750
22 0.713072 0.452083 0.054513 0.039583
0 0.330891 0.271875 0.040445 0.058333
0 0.287808 0.310937 0.044549 0.057292
27 0.189918 0.715625 0.053927 0.091667
27 0.157972 0.714063 0.042790 0.092708
27 0.132181 0.707812 0.042790 0.080208
30 0.658558 0.432812 0.045135 0.086458
30 0.613423 0.483333 0.041618 0.070833
32 0.428195 0.371875 0.035756 0.077083
32 0.397128 0.363542 0.040445 0.047917
32 0.395369 0.456250 0.034584 0.058333
