6 0.297479 0.405729 0.042790 0.086458
6 0.329426 0.426042 0.037515 0.097917
6 0.364596 0.425000 0.045721 0.081250
6 0.402403 0.440104 0.039273 0.103125
6 0.440504 0.447917 0.031067 0.104167
6 0.471571 0.465625 0.038101 0.091667
6 0.513189 0.456250 0.038101 0.100000
6 0.558324 0.418750 0.045135 0.097917
6 0.601407 0.393750 0.029308 0.091667
32 0.632767 0.212500 0.043962 0.087500
32 0.597597 0.215104 0.039273 0.101042
32 0.576788 0.223958 0.046893 0.108333
32 0.559203 0.134896 0.039859 0.080208
9 0.643318 0.198437 0.043962 0.096875
9 0.656800 0.193229 0.039273 0.098958
9 0.672919 0.186979 0.041032 0.101042
9 0.613423 0.117188 0.027550 0.065625
9 0.635404 0.120833 0.021102 0.064583
6 0.572685 0.585938 0.039859 0.076042
6 0.621336 0.527083 0.031653 0.087500
6 0.646542 0.518229 0.038687 0.057292
6 0.650938 0.645312 0.032239 0.096875
6 0.668523 0.616667 0.029894 0.077083
6 0.653576 0.814063 0.031653 0.132292
6 0.665885 0.775521 0.042204 0.113542
6 0.682298 0.736458 0.038687 0.100000
6 0.704572 0.711458 0.031653 0.102083
12 0.602579 0.830208 0.085580 0.231250
12 0.485639 0.900000 0.118992 0.200000
12 0.415006 0.907813 0.066823 0.184375
12 0.353165 0.850521 0.053341 0.294792
10 0.293083 0.871354 0.043376 0.096875
10 0.256448 0.837500 0.041618 0.089583
10 0.231243 0.800521 0.040445 0.090625
10 0.192263 0.764062 0.041032 0.082292
10 0.261137 0.705729 0.038101 0.092708
10 0.290152 0.710938 0.039859 0.078125
10 0.364009 0.621354 0.043376 0.086458
10 0.327081 0.596875 0.041032 0.077083
19 0.142145 0.569271 0.086166 0.148958
19 0.156800 0.607292 0.093200 0.189583
19 0.177315 0.613021 0.107268 0.198958
19 0.200469 0.620833 0.112544 0.216667
19 0.214244 0.655729 0.106096 0.209375
13 0.766999 0.540104 0.038101 0.109375
8 0.815944 0.335938 0.026964 0.046875
8 0.815651 0.383333 0.032239 0.052083
8 0.848476 0.359375 0.027550 0.041667
8 0.869871 0.386458 0.019930 0.041667
