8 0.428488 0.676042 0.066823 0.118750
8 0.487691 0.664062 0.059789 0.105208
8 0.423798 0.591667 0.065651 0.083333
8 0.460434 0.520833 0.061547 0.114583
8 0.517585 0.550521 0.060961 0.098958
8 0.546307 0.668229 0.060961 0.111458
8 0.563892 0.571875 0.064478 0.118750
8 0.605510 0.681771 0.058617 0.082292
8 0.661489 0.671875 0.069754 0.108333
8 0.618113 0.543229 0.061547 0.105208
8 0.560082 0.459375 0.052169 0.102083
8 0.510551 0.461458 0.055100 0.081250
8 0.481829 0.444271 0.050410 0.065625
8 0.446952 0.430729 0.046307 0.096875
8 0.491501 0.376563 0.054513 0.076042
8 0.459555 0.348438 0.046893 0.071875
8 0.554220 0.362500 0.049824 0.083333
8 0.623681 0.392188 0.064478 0.107292
8 0.662075 0.473438 0.059203 0.090625
8 0.679953 0.548438 0.060961 0.094792
8 0.726260 0.466146 0.059789 0.094792
8 0.778722 0.441667 0.048652 0.081250
8 0.814771 0.473958 0.059789 0.106250
8 0.795721 0.368750 0.059203 0.081250
8 0.847304 0.448958 0.050996 0.102083
8 0.700176 0.364583 0.055686 0.083333
8 0.745018 0.368229 0.044549 0.080208
8 0.651231 0.367188 0.044549 0.086458
8 0.896249 0.681250 0.063306 0.081250
8 0.787515 0.547917 0.068581 0.102083
