11 0.079838 0.440433 0.073072 0.081227
11 0.100135 0.517599 0.077131 0.087545
11 0.172869 0.492780 0.071042 0.095668
11 0.241881 0.477437 0.069689 0.075812
11 0.309878 0.463448 0.063599 0.080325
6 0.433356 0.603339 0.118403 0.091155
6 0.489513 0.583935 0.077808 0.095668
6 0.555480 0.558213 0.077131 0.091155
6 0.609608 0.535650 0.070365 0.080325
6 0.456360 0.716606 0.084574 0.110108
6 0.519283 0.696751 0.062923 0.090253
6 0.568336 0.663809 0.063599 0.074910
6 0.492219 0.859657 0.088633 0.080325
6 0.607578 0.769404 0.100135 0.091155
6 0.668133 0.750903 0.065629 0.092058
6 0.722598 0.737365 0.077131 0.083032
35 0.743234 0.340253 0.060217 0.059567
40 0.733085 0.495036 0.042625 0.055054
40 0.787212 0.476534 0.035859 0.054152
40 0.773681 0.576715 0.043978 0.052347
40 0.811570 0.556859 0.042625 0.052347
40 0.875169 0.661552 0.038566 0.050542
