6 0.381258 0.492329 0.071042 0.100181
6 0.321042 0.566336 0.066982 0.105596
6 0.382612 0.598375 0.083221 0.104693
6 0.467862 0.613267 0.087280 0.098375
6 0.455345 0.679603 0.089310 0.104693
6 0.253045 0.692238 0.075778 0.111913
6 0.287551 0.734206 0.086604 0.127256
6 0.345061 0.814079 0.087957 0.110108
6 0.424899 0.787906 0.096076 0.119134
10 0.448579 0.902978 0.096076 0.114621
10 0.504398 0.823556 0.068336 0.141697
10 0.574087 0.826264 0.072395 0.139892
10 0.602165 0.759928 0.074425 0.119134
10 0.555142 0.591606 0.080514 0.087545
35 0.858254 0.124549 0.034506 0.039711
35 0.901894 0.191787 0.037889 0.040614
35 0.829161 0.053700 0.031800 0.047834
35 0.844723 0.037455 0.020974 0.047834
35 0.890392 0.076264 0.033829 0.047834
21 0.509134 0.190433 0.103518 0.093863
