10 0.321512 0.485938 0.061547 0.123958
10 0.161782 0.597917 0.082063 0.139583
10 0.185522 0.485938 0.061547 0.123958
10 0.247948 0.487500 0.057444 0.120833
10 0.327667 0.354167 0.067995 0.106250
10 0.249414 0.353125 0.066237 0.104167
6 0.487984 0.645833 0.065064 0.131250
6 0.524912 0.496875 0.052169 0.106250
6 0.544842 0.625521 0.046307 0.128125
2 0.635991 0.376042 0.073857 0.062500
2 0.717761 0.367708 0.068581 0.068750
2 0.654455 0.491667 0.075615 0.064583
2 0.714537 0.484375 0.080891 0.064583
2 0.636577 0.637500 0.060961 0.079167
2 0.837339 0.481771 0.059203 0.134375
2 0.743845 0.571875 0.056272 0.102083
2 0.811547 0.585938 0.082649 0.059375
2 0.765826 0.421875 0.069754 0.147917
2 0.641852 0.179167 0.042204 0.100000
2 0.703107 0.191667 0.039273 0.104167
2 0.745311 0.179688 0.049824 0.071875
7 0.953693 0.205208 0.059789 0.091667
3 0.271688 0.159375 0.104924 0.129167
3 0.406506 0.155729 0.088511 0.151042
3 0.505862 0.171875 0.084408 0.116667
14 0.584408 0.164583 0.072685 0.158333
1 0.803048 0.203125 0.033998 0.070833
1 0.841149 0.204167 0.039859 0.072917
