35 0.733085 0.374097 0.042625 0.064079
35 0.776049 0.371841 0.040595 0.061372
35 0.806834 0.364621 0.048038 0.052347
35 0.769621 0.458935 0.050744 0.062274
35 0.812246 0.440433 0.053451 0.059567
35 0.853857 0.421480 0.044655 0.057762
35 0.825440 0.532491 0.046008 0.061372
35 0.857578 0.517599 0.046685 0.047834
21 0.281123 0.360108 0.041272 0.157040
21 0.316644 0.358303 0.060893 0.110108
21 0.377199 0.329422 0.076455 0.133574
21 0.431326 0.340253 0.060217 0.083032
21 0.235792 0.385379 0.046685 0.097473
37 0.328484 0.550993 0.079161 0.087545
37 0.384641 0.524819 0.066982 0.083935
37 0.432003 0.590704 0.076455 0.080325
37 0.368065 0.653430 0.083897 0.106498
37 0.315968 0.697202 0.104195 0.103791
37 0.442152 0.741426 0.075101 0.069495
