8 0.027740 0.642148 0.054127 0.067690
8 0.046346 0.665162 0.049391 0.059567
8 0.071719 0.685921 0.040595 0.054152
8 0.098782 0.708484 0.029770 0.055957
8 0.118742 0.646661 0.060217 0.083935
8 0.080514 0.605144 0.054127 0.058664
8 0.126184 0.574910 0.041272 0.048736
8 0.165426 0.585740 0.057510 0.061372
8 0.171177 0.534747 0.048714 0.046029
8 0.216847 0.559116 0.039919 0.053249
32 0.146820 0.711643 0.050068 0.105596
32 0.179635 0.728339 0.065629 0.120939
32 0.203992 0.749097 0.058863 0.110108
32 0.194858 0.629061 0.043302 0.081227
32 0.223613 0.643051 0.039919 0.080325
32 0.247970 0.662455 0.035859 0.092058
32 0.281461 0.679152 0.047361 0.096570
32 0.317659 0.699458 0.056157 0.081227
32 0.353857 0.721570 0.047361 0.091155
32 0.234777 0.773466 0.056834 0.115523
32 0.268945 0.797383 0.068336 0.127256
32 0.311231 0.817690 0.066306 0.131769
32 0.350135 0.848375 0.068336 0.137184
32 0.391746 0.745939 0.046008 0.098375
32 0.399865 0.658845 0.052774 0.077617
32 0.367388 0.626805 0.044655 0.085740
32 0.327808 0.614621 0.042625 0.084838
32 0.304804 0.597022 0.039919 0.060469
32 0.276387 0.587996 0.041272 0.071300
9 0.404601 0.869134 0.056834 0.149819
9 0.462788 0.876805 0.066306 0.159747
9 0.521313 0.845668 0.075101 0.153430
9 0.559540 0.812274 0.077131 0.144404
9 0.598444 0.781137 0.066982 0.143502
9 0.625507 0.761282 0.068336 0.129061
9 0.651218 0.740523 0.061570 0.120036
9 0.448917 0.745939 0.056157 0.120036
9 0.491204 0.718412 0.056834 0.099278
9 0.522666 0.688177 0.053451 0.098375
9 0.560555 0.678249 0.053451 0.076715
9 0.586942 0.660650 0.056157 0.086643
12 0.674899 0.699910 0.056157 0.118231
12 0.710419 0.675542 0.055480 0.105596
12 0.734100 0.654332 0.037889 0.111913
12 0.766238 0.634025 0.035859 0.114621
12 0.782476 0.613718 0.026387 0.095668
12 0.805480 0.613718 0.027740 0.120939
1 0.524696 0.509025 0.030447 0.108303
1 0.551759 0.504513 0.039919 0.097473
1 0.560555 0.500903 0.034506 0.088448
1 0.582544 0.493231 0.050068 0.091155
1 0.611976 0.480596 0.042625 0.078520
1 0.654263 0.486011 0.055480 0.083935
1 0.657307 0.459386 0.048038 0.083032
1 0.631597 0.351534 0.045332 0.076715
1 0.668809 0.346570 0.031800 0.074007
1 0.703654 0.452617 0.027064 0.067690
1 0.708390 0.444946 0.036536 0.070397
1 0.733424 0.440433 0.041949 0.064982
1 0.763194 0.424639 0.035183 0.065884
1 0.775710 0.419224 0.045332 0.071300
22 0.574087 0.365523 0.042625 0.061372
22 0.606563 0.354242 0.038566 0.062274
19 0.854533 0.533394 0.085250 0.111913
19 0.845399 0.543321 0.084574 0.108303
19 0.838633 0.548736 0.091340 0.111913
19 0.827131 0.552347 0.099459 0.115523
19 0.814953 0.563628 0.094046 0.121841
19 0.801759 0.571751 0.096076 0.125451
19 0.790595 0.583484 0.091340 0.121841
13 0.908660 0.541065 0.033829 0.094765
