36 0.114682 0.814079 0.084574 0.169675
36 0.168809 0.803700 0.096752 0.165162
36 0.100812 0.685469 0.093369 0.112816
36 0.183356 0.662906 0.073072 0.094765
23 0.239851 0.751805 0.073748 0.106498
23 0.317321 0.758123 0.074425 0.160650
23 0.397497 0.709838 0.056157 0.118231
23 0.410352 0.601534 0.060217 0.069495
13 0.147158 0.412004 0.099459 0.174188
13 0.232070 0.408845 0.087957 0.173285
13 0.075440 0.418773 0.084574 0.202166
13 0.180650 0.279332 0.129905 0.087545
27 0.391407 0.364170 0.095399 0.116426
27 0.455007 0.284296 0.099459 0.101083
27 0.383965 0.291516 0.076455 0.068592
27 0.519621 0.250903 0.067659 0.083032
12 0.538904 0.395758 0.060217 0.138087
12 0.613329 0.402978 0.052097 0.116426
12 0.584574 0.284747 0.044655 0.092960
12 0.618742 0.320397 0.049391 0.066787
12 0.575778 0.581227 0.062246 0.093863
25 0.807848 0.571751 0.044655 0.047834
2 0.732409 0.412004 0.057510 0.042419
2 0.689107 0.419224 0.048038 0.038809
2 0.708728 0.385830 0.060217 0.033394
25 0.849120 0.601986 0.085250 0.039711
8 0.867727 0.509477 0.041272 0.049639
8 0.944520 0.509928 0.051421 0.054152
8 0.969215 0.568592 0.049391 0.061372
8 0.922530 0.549639 0.042625 0.054152
8 0.911367 0.371390 0.044655 0.071300
8 0.844384 0.284747 0.047361 0.055054
8 0.884641 0.286552 0.042625 0.047834
22 0.810217 0.283394 0.026387 0.048736
25 0.750338 0.539260 0.115020 0.037004
25 0.750338 0.628610 0.094723 0.042419
