11 0.228687 0.332130 0.052774 0.070397
11 0.276049 0.333935 0.052774 0.064982
11 0.323748 0.330325 0.052097 0.064982
11 0.370771 0.329422 0.048714 0.063177
11 0.410690 0.324910 0.046008 0.068592
11 0.453315 0.330325 0.043302 0.057762
11 0.489851 0.321300 0.037889 0.066787
11 0.484100 0.266697 0.043978 0.065884
11 0.296346 0.238718 0.041949 0.065884
11 0.332206 0.248195 0.037889 0.063177
11 0.369080 0.249097 0.042625 0.059567
11 0.233424 0.269856 0.052774 0.061372
6 0.472598 0.490975 0.056157 0.077617
6 0.529093 0.491426 0.055480 0.067690
6 0.573748 0.488267 0.050068 0.063177
6 0.618065 0.486011 0.049391 0.067690
6 0.511164 0.406588 0.058863 0.058664
6 0.568674 0.410199 0.053451 0.051444
6 0.696211 0.477888 0.048714 0.064079
6 0.737145 0.468412 0.031800 0.063177
6 0.617388 0.407942 0.046685 0.059567
