21 0.046014 0.444792 0.079132 0.087500
6 0.412075 0.451562 0.042204 0.107292
2 0.608148 0.457813 0.046307 0.088542
34 0.626905 0.265625 0.045135 0.077083
34 0.628077 0.172396 0.039273 0.071875
34 0.665299 0.172396 0.041032 0.073958
34 0.695780 0.175521 0.037515 0.069792
34 0.755569 0.175521 0.041032 0.061458
34 0.800117 0.254167 0.044549 0.095833
34 0.669109 0.272396 0.039273 0.057292
34 0.707796 0.229687 0.047479 0.053125
34 0.765826 0.235417 0.034584 0.075000
11 0.854924 0.266146 0.046307 0.078125
11 0.825322 0.255208 0.032825 0.081250
2 0.705158 0.477083 0.038687 0.089583
10 0.662954 0.663542 0.069168 0.110417
10 0.599062 0.649479 0.058617 0.096875
10 0.545721 0.640625 0.060961 0.095833
10 0.543962 0.772917 0.064478 0.118750
10 0.611958 0.783333 0.073857 0.097917
10 0.618406 0.890104 0.071512 0.136458
10 0.535756 0.945833 0.077374 0.095833
10 0.606096 0.944792 0.075029 0.110417
10 0.682884 0.952083 0.079719 0.083333
