13 0.286342 0.638542 0.054513 0.154167
13 0.358441 0.601562 0.042790 0.151042
13 0.253810 0.597917 0.031653 0.150000
1 0.403576 0.363542 0.032239 0.102083
1 0.385404 0.345833 0.045135 0.112500
1 0.487691 0.231250 0.053927 0.116667
1 0.537808 0.221354 0.027550 0.134375
1 0.593787 0.223958 0.031653 0.114583
1 0.616061 0.214062 0.022274 0.096875
1 0.638042 0.214583 0.034584 0.110417
1 0.662368 0.222917 0.033998 0.089583
1 0.689625 0.218750 0.028722 0.087500
1 0.737984 0.341146 0.025791 0.076042
2 0.295721 0.704167 0.043962 0.100000
2 0.319168 0.767188 0.048652 0.098958
2 0.357562 0.815625 0.046893 0.100000
2 0.395076 0.873437 0.062134 0.086458
2 0.454279 0.880729 0.063306 0.088542
2 0.425557 0.742708 0.065651 0.102083
2 0.507913 0.845313 0.062720 0.071875
2 0.479777 0.754687 0.053341 0.084375
2 0.516999 0.722396 0.058617 0.073958
2 0.433470 0.585938 0.052169 0.076042
2 0.485932 0.598958 0.049238 0.070833
2 0.532825 0.604688 0.046893 0.057292
2 0.567409 0.581250 0.041032 0.045833
2 0.601993 0.758333 0.046893 0.062500
2 0.629543 0.725000 0.041032 0.056250
2 0.547186 0.659375 0.043962 0.039583
35 0.656213 0.713021 0.040445 0.071875
35 0.641559 0.590625 0.047479 0.081250
35 0.694314 0.646354 0.024033 0.059375
35 0.651817 0.483333 0.024619 0.054167
35 0.568288 0.501563 0.029894 0.057292
11 0.708675 0.364063 0.022274 0.055208
13 0.832649 0.423958 0.032239 0.070833
19 0.912661 0.422396 0.039859 0.096875
19 0.897128 0.431771 0.068581 0.105208
19 0.887749 0.433333 0.074443 0.116667
6 0.823271 0.317188 0.024033 0.057292
6 0.842028 0.314583 0.018171 0.041667
35 0.720985 0.625521 0.024619 0.067708
35 0.597890 0.512500 0.025791 0.070833
35 0.614889 0.500000 0.028136 0.070833
35 0.633646 0.484896 0.024619 0.065625
13 0.234467 0.574479 0.030481 0.136458
13 0.216295 0.534896 0.039859 0.130208
13 0.194607 0.519792 0.030481 0.122917
37 0.457503 0.397917 0.047479 0.110417
37 0.498535 0.393750 0.048652 0.106250
37 0.553927 0.392708 0.048066 0.095833
38 0.737691 0.529167 0.086166 0.147917
38 0.761723 0.507292 0.090856 0.125000
38 0.809496 0.489063 0.075029 0.136458
39 0.782825 0.331771 0.016999 0.055208
