12 0.381258 0.726534 0.111637 0.198556
12 0.461773 0.580325 0.100812 0.122744
12 0.373816 0.572653 0.094046 0.114621
12 0.329161 0.541968 0.137348 0.154332
12 0.273342 0.505866 0.109608 0.098375
12 0.180988 0.560921 0.104871 0.145307
12 0.201286 0.617780 0.103518 0.156137
12 0.227673 0.684116 0.118403 0.184116
12 0.279093 0.716155 0.115697 0.217509
12 0.583221 0.844765 0.066306 0.184116
12 0.274019 0.910650 0.075778 0.178700
12 0.358593 0.923285 0.105548 0.153430
12 0.438430 0.943141 0.116373 0.113718
12 0.522666 0.917870 0.054804 0.146209
12 0.218877 0.838899 0.048038 0.130866
6 0.450271 0.464350 0.068336 0.109206
6 0.373816 0.444495 0.050744 0.096570
6 0.327470 0.413357 0.039242 0.117329
1 0.384641 0.292870 0.049391 0.092960
2 0.423884 0.321751 0.056157 0.087545
2 0.465832 0.302347 0.045332 0.077617
2 0.570027 0.305957 0.034506 0.072202
2 0.603180 0.290614 0.041272 0.074007
2 0.596414 0.410199 0.048038 0.067690
2 0.623139 0.385830 0.051421 0.055054
2 0.674560 0.369585 0.039242 0.060469
2 0.702300 0.361011 0.044655 0.048736
2 0.727334 0.348827 0.041949 0.047834
2 0.746955 0.391245 0.032476 0.042419
2 0.726996 0.399819 0.034506 0.043321
2 0.705007 0.410199 0.031123 0.044224
2 0.596414 0.468412 0.039919 0.055957
2 0.556834 0.287004 0.039242 0.070397
3 0.507104 0.462996 0.053451 0.126354
3 0.525034 0.450812 0.050068 0.118231
2 0.556834 0.640343 0.119080 0.163357
2 0.618403 0.615072 0.115020 0.130866
2 0.623139 0.794224 0.082544 0.187726
2 0.663396 0.742329 0.057510 0.152527
14 0.686062 0.635379 0.077131 0.119134
14 0.721922 0.620036 0.054127 0.133574
14 0.760149 0.590704 0.071042 0.116426
14 0.722260 0.480144 0.071042 0.101083
14 0.618065 0.536101 0.050744 0.046931
14 0.643099 0.517148 0.045332 0.055957
14 0.676590 0.493682 0.033829 0.046931
6 0.299053 0.404783 0.031123 0.103791
0 0.786536 0.510830 0.110284 0.178700
0 0.806495 0.490975 0.109608 0.149819
0 0.827808 0.450812 0.100812 0.154332
0 0.850474 0.436372 0.109608 0.145307
0 0.904263 0.457581 0.066982 0.184116
6 0.795670 0.328069 0.040595 0.049639
6 0.775372 0.341606 0.039242 0.047834
18 0.636671 0.234206 0.037889 0.038809
18 0.653924 0.187726 0.034506 0.043321
18 0.592355 0.226083 0.042625 0.046029
18 0.671177 0.226986 0.032476 0.038809
