6 0.285463 0.290625 0.063306 0.091667
6 0.233001 0.283854 0.062720 0.119792
6 0.210434 0.177083 0.067995 0.075000
11 0.298359 0.461458 0.049238 0.104167
11 0.206624 0.490104 0.059203 0.098958
11 0.208382 0.589063 0.055686 0.088542
11 0.257620 0.587500 0.045135 0.112500
11 0.300117 0.603125 0.058617 0.104167
11 0.352286 0.609896 0.052755 0.096875
11 0.323564 0.770312 0.064478 0.098958
11 0.252931 0.727083 0.054513 0.085417
11 0.217175 0.782813 0.069754 0.073958
18 0.437280 0.608333 0.059789 0.100000
18 0.467468 0.471875 0.062720 0.104167
18 0.526671 0.476042 0.059203 0.102083
18 0.497655 0.579167 0.056272 0.072917
18 0.549238 0.616146 0.049238 0.098958
18 0.597011 0.623958 0.049824 0.104167
18 0.642145 0.771354 0.055686 0.119792
18 0.576495 0.795312 0.074443 0.132292
18 0.436694 0.789583 0.076202 0.122917
17 0.825909 0.294271 0.070340 0.069792
17 0.878077 0.286979 0.052755 0.082292
17 0.932005 0.278646 0.063306 0.092708
17 0.766120 0.260417 0.064478 0.081250
17 0.863423 0.234896 0.049238 0.063542
