6 0.322098 0.348958 0.033411 0.079167
6 0.354631 0.348958 0.037515 0.089583
6 0.427608 0.384375 0.036928 0.075000
6 0.481243 0.401042 0.051583 0.095833
6 0.515533 0.384375 0.040445 0.081250
6 0.550117 0.372917 0.040445 0.087500
6 0.606682 0.330729 0.036342 0.067708
6 0.622802 0.315625 0.027550 0.068750
6 0.652989 0.708854 0.050410 0.092708
6 0.597890 0.822917 0.052755 0.133333
6 0.581184 0.659375 0.048652 0.081250
6 0.562427 0.702083 0.054513 0.085417
31 0.540445 0.846875 0.071512 0.160417
31 0.474795 0.839063 0.059789 0.146875
31 0.418230 0.806771 0.053341 0.148958
31 0.352286 0.747396 0.051583 0.117708
31 0.315944 0.712500 0.048066 0.122917
27 0.262896 0.678125 0.059203 0.185417
27 0.222157 0.633854 0.046893 0.182292
27 0.185229 0.609375 0.037515 0.187500
27 0.148300 0.566146 0.038687 0.157292
27 0.111079 0.541667 0.035756 0.164583
27 0.325909 0.470313 0.094959 0.107292
27 0.284291 0.434375 0.092614 0.100000
27 0.208382 0.390104 0.072098 0.065625
11 0.292790 0.334375 0.027550 0.054167
13 0.592907 0.488021 0.094373 0.136458
13 0.620164 0.461979 0.085580 0.138542
13 0.654748 0.626042 0.057444 0.152083
13 0.677022 0.594792 0.039859 0.160417
13 0.643611 0.434375 0.079719 0.135417
19 0.740035 0.430729 0.042790 0.121875
19 0.731829 0.446875 0.049824 0.104167
19 0.720106 0.464062 0.058030 0.111458
