11 0.328546 0.333333 0.036928 0.052083
11 0.357562 0.346875 0.023447 0.052083
11 0.371043 0.362500 0.029308 0.056250
11 0.422919 0.394271 0.032239 0.063542
11 0.456917 0.401042 0.038101 0.070833
11 0.502052 0.402083 0.035756 0.064583
11 0.540152 0.386458 0.034584 0.060417
19 0.201641 0.426563 0.073857 0.121875
19 0.222743 0.470313 0.093787 0.123958
19 0.240914 0.464583 0.103165 0.145833
19 0.263482 0.480208 0.130715 0.156250
6 0.265533 0.620313 0.033998 0.092708
6 0.295135 0.669792 0.025205 0.079167
6 0.345838 0.475000 0.030481 0.068750
6 0.368406 0.463542 0.024033 0.056250
6 0.318581 0.624479 0.032239 0.073958
6 0.317116 0.698958 0.028136 0.097917
6 0.360199 0.638021 0.036928 0.086458
6 0.345838 0.754687 0.035170 0.096875
6 0.381887 0.794792 0.053341 0.108333
6 0.430539 0.651563 0.046307 0.094792
6 0.438746 0.561458 0.043962 0.089583
6 0.459848 0.538542 0.035756 0.106250
10 0.499121 0.536458 0.039273 0.070833
10 0.476260 0.680208 0.041618 0.075000
10 0.505275 0.642708 0.041032 0.077083
10 0.556272 0.618229 0.038687 0.073958
10 0.589097 0.689583 0.029308 0.079167
10 0.437573 0.813021 0.059203 0.096875
10 0.463072 0.770312 0.039859 0.086458
10 0.503224 0.788021 0.049824 0.107292
10 0.551290 0.743229 0.050996 0.086458
39 0.615475 0.639062 0.060961 0.069792
39 0.646835 0.613021 0.039273 0.042708
39 0.672040 0.592187 0.041618 0.048958
39 0.693142 0.570833 0.040445 0.027083
39 0.567995 0.568229 0.052755 0.057292
39 0.606096 0.542188 0.045721 0.044792
39 0.630129 0.510417 0.046893 0.045833
39 0.659144 0.506250 0.031067 0.043750
39 0.530188 0.489583 0.046307 0.041667
39 0.566823 0.478646 0.046893 0.040625
39 0.595545 0.460417 0.042204 0.033333
39 0.622802 0.447396 0.038101 0.046875
39 0.646542 0.435417 0.036342 0.029167
37 0.688746 0.520833 0.030481 0.070833
37 0.711313 0.492188 0.032239 0.063542
9 0.546307 0.200000 0.051583 0.100000
9 0.567409 0.191667 0.041032 0.118750
9 0.590270 0.185417 0.041032 0.118750
9 0.624560 0.192708 0.039273 0.110417
22 0.679953 0.323437 0.017585 0.071875
22 0.689918 0.322917 0.015240 0.072917
22 0.701055 0.317188 0.016413 0.069792
22 0.708382 0.314063 0.012309 0.067708
22 0.719226 0.311979 0.014068 0.069792
22 0.734760 0.305208 0.014654 0.070833
22 0.747069 0.306250 0.012309 0.062500
