39 0.294655 0.392599 0.041272 0.054152
39 0.318674 0.403881 0.052774 0.055054
39 0.352503 0.426444 0.044655 0.062274
39 0.378552 0.435018 0.043978 0.054152
39 0.418471 0.454422 0.041272 0.069495
39 0.459405 0.470668 0.041949 0.065884
39 0.505413 0.451264 0.027064 0.064982
18 0.453654 0.323105 0.037212 0.057762
18 0.414411 0.313628 0.039919 0.062274
22 0.575778 0.286101 0.035183 0.052347
13 0.318674 0.662004 0.086604 0.154332
13 0.269621 0.636733 0.072395 0.138087
13 0.237483 0.604693 0.074425 0.126354
13 0.203315 0.584386 0.061570 0.132671
13 0.167456 0.570397 0.065629 0.115523
13 0.125507 0.541968 0.068336 0.116426
2 0.357240 0.754964 0.054127 0.087545
2 0.428958 0.799188 0.070365 0.094765
2 0.422869 0.703971 0.066306 0.068592
2 0.377876 0.675993 0.058863 0.057762
2 0.431326 0.595668 0.050744 0.052347
2 0.482747 0.699910 0.060217 0.067690
2 0.508119 0.597473 0.050068 0.061372
2 0.559540 0.774819 0.046008 0.073105
2 0.599120 0.736011 0.045332 0.080325
2 0.629567 0.696300 0.050744 0.067690
2 0.537551 0.677798 0.062923 0.055957
2 0.569012 0.668773 0.047361 0.061372
2 0.599797 0.642148 0.037212 0.060469
2 0.666779 0.669224 0.029093 0.055054
2 0.624831 0.631769 0.030447 0.043321
2 0.577808 0.565433 0.046008 0.049639
2 0.554127 0.586643 0.039242 0.046931
36 0.674560 0.625000 0.046008 0.100181
36 0.706360 0.589801 0.048714 0.076715
36 0.728011 0.570397 0.037889 0.074007
36 0.619418 0.563628 0.041272 0.103791
36 0.650203 0.532491 0.047361 0.055957
36 0.672869 0.516697 0.035859 0.053249
36 0.645467 0.472473 0.029770 0.051444
36 0.617050 0.483303 0.040595 0.049639
36 0.580176 0.504964 0.043978 0.055054
39 0.724966 0.371841 0.022327 0.048736
39 0.702639 0.273014 0.020974 0.044224
39 0.713802 0.269856 0.018945 0.043321
39 0.726658 0.264892 0.018945 0.044224
39 0.746617 0.263989 0.018268 0.037004
38 0.735115 0.521209 0.080514 0.058664
38 0.747970 0.492329 0.076455 0.069495
38 0.768268 0.495487 0.080514 0.070397
38 0.788227 0.470668 0.051421 0.060469
38 0.801421 0.475181 0.060217 0.065884
38 0.804465 0.453971 0.075778 0.063177
38 0.828146 0.445397 0.079838 0.065884
19 0.840325 0.441336 0.083897 0.108303
19 0.851488 0.437274 0.077808 0.091155
19 0.859269 0.426895 0.070365 0.095668
19 0.868403 0.422383 0.075101 0.084838
19 0.879567 0.422834 0.066306 0.078520
