0 0.365768 0.489583 0.071512 0.106250
0 0.424678 0.518750 0.060375 0.108333
0 0.475088 0.476042 0.049824 0.039583
0 0.484174 0.522396 0.058617 0.088542
0 0.357268 0.673438 0.067409 0.111458
0 0.421161 0.674479 0.067409 0.117708
0 0.486518 0.677604 0.060961 0.119792
0 0.353165 0.580729 0.055686 0.076042
0 0.410317 0.608333 0.066823 0.081250
0 0.478312 0.604167 0.064478 0.077083
8 0.434642 0.221354 0.060375 0.107292
8 0.490621 0.221875 0.056272 0.097917
8 0.490328 0.157812 0.054513 0.067708
8 0.436108 0.152083 0.053927 0.075000
8 0.373388 0.132812 0.055100 0.071875
8 0.362251 0.202604 0.064478 0.096875
8 0.324150 0.199479 0.026964 0.088542
8 0.354338 0.102083 0.040445 0.077083
2 0.517585 0.398438 0.033998 0.069792
2 0.498535 0.350000 0.035756 0.043750
2 0.165885 0.722396 0.058617 0.061458
2 0.174971 0.680208 0.075615 0.062500
2 0.122216 0.714063 0.042790 0.053125
2 0.196952 0.531250 0.051583 0.068750
2 0.144783 0.590104 0.038687 0.057292
2 0.169402 0.604167 0.058617 0.066667
2 0.244725 0.454167 0.041618 0.035417
6 0.330305 0.389062 0.041618 0.067708
2 0.102286 0.664583 0.022860 0.091667
12 0.549238 0.366667 0.051583 0.125000
12 0.596717 0.363542 0.050410 0.131250
12 0.637749 0.363021 0.048066 0.126042
12 0.686108 0.355208 0.053341 0.158333
12 0.733294 0.354687 0.049238 0.151042
10 0.685815 0.256771 0.043376 0.057292
10 0.680246 0.189583 0.028722 0.043750
4 0.625733 0.621354 0.027550 0.217708
4 0.648007 0.620313 0.024033 0.219792
4 0.671454 0.620313 0.022860 0.215625
4 0.695487 0.619271 0.026377 0.226042
4 0.606682 0.554688 0.016413 0.171875
4 0.622802 0.503125 0.029894 0.087500
4 0.641559 0.482292 0.022860 0.064583
4 0.662661 0.488542 0.024033 0.054167
6 0.732122 0.680208 0.035170 0.091667
6 0.724795 0.601042 0.032239 0.079167
6 0.744725 0.573958 0.028722 0.052083
6 0.762309 0.684896 0.034584 0.080208
6 0.765533 0.584375 0.015240 0.062500
6 0.731536 0.504167 0.019930 0.077083
6 0.745018 0.492708 0.014068 0.056250
4 0.745604 0.217708 0.055100 0.125000
4 0.790445 0.221354 0.054513 0.130208
4 0.837339 0.227083 0.066237 0.125000
4 0.710141 0.159375 0.050996 0.085417
4 0.875733 0.228646 0.066823 0.130208
4 0.917057 0.227083 0.059203 0.122917
4 0.883939 0.152083 0.046893 0.041667
4 0.838218 0.144792 0.046893 0.050000
4 0.804220 0.483854 0.099648 0.098958
4 0.856975 0.470313 0.084408 0.061458
4 0.905334 0.473958 0.095545 0.064583
4 0.947538 0.476042 0.077960 0.060417
4 0.811841 0.548958 0.059789 0.058333
4 0.862837 0.546354 0.055100 0.063542
4 0.920281 0.538021 0.062134 0.065625
4 0.973916 0.545312 0.050996 0.069792
4 0.817702 0.654687 0.073857 0.126042
4 0.878664 0.656771 0.078546 0.115625
4 0.938453 0.652083 0.065651 0.131250
9 0.537222 0.226042 0.041618 0.106250
9 0.580305 0.227604 0.051583 0.111458
9 0.610492 0.158854 0.042790 0.061458
9 0.572685 0.158854 0.038687 0.055208
9 0.535463 0.149479 0.038101 0.046875
6 0.844080 0.369271 0.045721 0.130208
6 0.808617 0.367188 0.040445 0.130208
6 0.766999 0.372917 0.038101 0.122917
3 0.537808 0.670833 0.042790 0.127083
3 0.582649 0.656771 0.059789 0.140625
3 0.574736 0.526042 0.048652 0.108333
