26 0.201172 0.538194 0.032031 0.065278
26 0.125781 0.804167 0.029687 0.052778
26 0.131250 0.845139 0.023438 0.037500
26 0.191797 0.818056 0.027344 0.041667
26 0.085547 0.630556 0.039844 0.041667
25 0.345313 0.509028 0.115625 0.101389
25 0.348438 0.548611 0.120313 0.075000
25 0.352344 0.609028 0.142187 0.065278
33 0.466016 0.602083 0.058594 0.179167
12 0.326562 0.304861 0.057813 0.106944
12 0.380859 0.253472 0.053906 0.087500
23 0.438672 0.272917 0.041406 0.104167
14 0.499219 0.279167 0.060937 0.141667
21 0.542188 0.629861 0.051562 0.084722
21 0.577734 0.613889 0.041406 0.097222
17 0.600781 0.324306 0.037500 0.065278
2 0.646484 0.331250 0.046094 0.076389
2 0.696094 0.296528 0.056250 0.068056
2 0.698828 0.347917 0.053906 0.040278
2 0.757422 0.321528 0.064844 0.084722
2 0.817187 0.322917 0.064062 0.079167
2 0.775391 0.262500 0.064844 0.055556
2 0.739062 0.233333 0.054688 0.069444
10 0.689453 0.241667 0.035156 0.055556
10 0.651172 0.238194 0.039844 0.070833
10 0.610547 0.242361 0.041406 0.068056
29 0.660937 0.573611 0.068750 0.116667
29 0.624219 0.582639 0.054688 0.109722
29 0.704688 0.579861 0.065625 0.118056
25 0.798828 0.488889 0.128906 0.100000
25 0.810937 0.552778 0.134375 0.083333
25 0.823438 0.652778 0.117188 0.069444
25 0.832422 0.613194 0.114844 0.076389
