6 0.601993 0.763021 0.063306 0.090625
6 0.553634 0.779167 0.048652 0.089583
6 0.518757 0.802083 0.052755 0.095833
6 0.478605 0.816667 0.046307 0.108333
6 0.556565 0.656250 0.035756 0.095833
6 0.525205 0.653125 0.049238 0.097917
6 0.542790 0.556250 0.041032 0.100000
6 0.483880 0.564063 0.050996 0.107292
6 0.412661 0.673438 0.058617 0.082292
6 0.461020 0.723437 0.050996 0.078125
6 0.386577 0.817187 0.058030 0.117708
32 0.512603 0.388021 0.058030 0.107292
32 0.569461 0.368750 0.055686 0.100000
32 0.483587 0.376042 0.041032 0.095833
32 0.501758 0.196354 0.045721 0.103125
32 0.544842 0.205729 0.047479 0.088542
32 0.593200 0.190104 0.045721 0.098958
32 0.543376 0.134896 0.049238 0.080208
9 0.650352 0.169271 0.069754 0.115625
9 0.616940 0.335417 0.059203 0.116667
9 0.660317 0.335417 0.039273 0.116667
9 0.703107 0.321875 0.049824 0.100000
19 0.610492 0.626563 0.095545 0.267708
19 0.635698 0.633333 0.089683 0.275000
19 0.667644 0.609896 0.091442 0.257292
19 0.709848 0.577604 0.080891 0.280208
19 0.742673 0.581250 0.087925 0.285417
19 0.764361 0.552083 0.085580 0.266667
19 0.801583 0.538021 0.090856 0.269792
19 0.588218 0.606771 0.081477 0.238542
