26 0.250000 0.184896 0.070926 0.092708
26 0.332356 0.198958 0.056272 0.062500
26 0.435522 0.199479 0.058617 0.086458
26 0.482122 0.170313 0.052169 0.113542
26 0.538101 0.192708 0.060961 0.083333
26 0.587046 0.168750 0.047479 0.108333
26 0.627198 0.185417 0.062134 0.102083
26 0.696659 0.201042 0.062720 0.070833
2 0.902110 0.388542 0.056272 0.120833
2 0.861372 0.420833 0.055686 0.112500
2 0.812720 0.412500 0.060375 0.118750
2 0.764361 0.404167 0.039859 0.097917
6 0.719226 0.429167 0.046893 0.093750
6 0.676729 0.420833 0.042790 0.089583
6 0.627198 0.424479 0.050410 0.078125
6 0.406800 0.414583 0.037515 0.068750
6 0.488277 0.429167 0.042204 0.077083
6 0.721864 0.743229 0.062720 0.132292
6 0.645955 0.617708 0.059789 0.091667
6 0.600528 0.622396 0.049824 0.101042
6 0.502345 0.618229 0.044549 0.090625
6 0.560082 0.618750 0.049824 0.093750
6 0.430832 0.602604 0.051583 0.084375
6 0.394783 0.587500 0.042790 0.072917
6 0.376319 0.739583 0.071512 0.106250
6 0.495897 0.852604 0.043376 0.123958
6 0.553634 0.827083 0.067409 0.147917
6 0.606975 0.836979 0.054513 0.155208
6 0.665885 0.853125 0.069168 0.145833
6 0.726846 0.892708 0.052755 0.120833
6 0.397421 0.831250 0.056272 0.141667
6 0.491501 0.723437 0.055686 0.126042
6 0.543083 0.690104 0.047479 0.101042
6 0.457503 0.349479 0.049824 0.078125
6 0.507327 0.350000 0.050996 0.093750
10 0.203400 0.400521 0.063306 0.103125
10 0.149179 0.395833 0.056858 0.087500
