35 0.202639 0.716606 0.060217 0.079422
35 0.198917 0.802798 0.085250 0.091155
35 0.269283 0.747744 0.079838 0.112816
35 0.320365 0.738718 0.081867 0.103791
35 0.367050 0.726083 0.068336 0.078520
35 0.413058 0.704874 0.076455 0.063177
35 0.453992 0.679152 0.079838 0.049639
35 0.252030 0.644856 0.053451 0.074910
35 0.320027 0.658845 0.074425 0.063177
35 0.369418 0.645758 0.063599 0.073105
35 0.389039 0.610108 0.050068 0.072202
35 0.418133 0.591155 0.043302 0.077617
35 0.187077 0.610560 0.073748 0.060469
35 0.219215 0.581227 0.055480 0.063177
35 0.269283 0.594765 0.052774 0.084838
35 0.300406 0.585740 0.058187 0.077617
35 0.336942 0.573556 0.056834 0.060469
6 0.435724 0.521661 0.035183 0.052347
6 0.469553 0.516245 0.040595 0.059567
6 0.549053 0.555957 0.042625 0.045126
6 0.585250 0.606498 0.036536 0.048736
6 0.600135 0.591155 0.050068 0.054152
10 0.525710 0.482852 0.037889 0.059567
10 0.576793 0.537455 0.033153 0.047834
10 0.617727 0.542419 0.041949 0.052347
10 0.593031 0.500451 0.045332 0.055054
10 0.583559 0.462094 0.042625 0.046931
10 0.626861 0.442690 0.037212 0.038809
10 0.687754 0.482852 0.037212 0.048736
10 0.736130 0.506769 0.032476 0.046029
10 0.752368 0.545578 0.035183 0.040614
10 0.659675 0.599729 0.031123 0.044224
10 0.684032 0.580776 0.035183 0.049639
10 0.712111 0.566336 0.031800 0.042419
10 0.731055 0.550542 0.034506 0.046931
10 0.659337 0.514892 0.039919 0.055054
1 0.782815 0.442238 0.036536 0.037906
1 0.831191 0.471119 0.041272 0.064982
