23 0.236011 0.456698 0.112816 0.116373
23 0.137635 0.480041 0.134477 0.127876
23 0.248646 0.553789 0.130866 0.077808
23 0.114621 0.589648 0.191336 0.081867
23 0.138989 0.349459 0.122744 0.150880
23 0.037455 0.359269 0.073105 0.159675
23 0.057762 0.502368 0.113718 0.137348
4 0.695397 0.351150 0.035199 0.115020
4 0.671029 0.363667 0.040614 0.127876
27 0.743682 0.351150 0.066787 0.096076
27 0.750451 0.452639 0.071300 0.087957
8 0.254513 0.784506 0.106498 0.073748
8 0.166065 0.833897 0.110108 0.087280
8 0.183213 0.910690 0.093863 0.067659
8 0.263087 0.853518 0.091155 0.068336
8 0.351534 0.841340 0.092960 0.079161
8 0.345217 0.773004 0.074910 0.066982
8 0.165162 0.753383 0.113718 0.060217
8 0.306859 0.710419 0.084838 0.055480
2 0.476986 0.738160 0.074910 0.048714
2 0.550993 0.708390 0.067690 0.050068
2 0.600181 0.688092 0.055957 0.074425
2 0.612365 0.757442 0.051444 0.061570
2 0.621841 0.817659 0.045126 0.052097
2 0.482852 0.786198 0.081227 0.055480
2 0.553249 0.757442 0.074007 0.050744
2 0.497744 0.832882 0.071300 0.055480
2 0.566787 0.793978 0.068592 0.050744
31 0.490975 0.482409 0.115523 0.115020
31 0.417870 0.518945 0.057762 0.112314
