27 0.407972 0.685937 0.056272 0.115625
27 0.354631 0.684375 0.055100 0.114583
27 0.296893 0.688542 0.056858 0.127083
27 0.243259 0.692708 0.048066 0.133333
27 0.192556 0.688021 0.053341 0.128125
27 0.135991 0.685417 0.066823 0.125000
27 0.079719 0.669271 0.049238 0.115625
27 0.153869 0.590625 0.048652 0.072917
27 0.210141 0.583333 0.056858 0.083333
27 0.262603 0.595313 0.053927 0.076042
27 0.314771 0.598958 0.049238 0.066667
27 0.367233 0.584896 0.048652 0.088542
27 0.415592 0.596875 0.044549 0.062500
27 0.412075 0.531771 0.044549 0.055208
27 0.368699 0.526563 0.044549 0.057292
27 0.320340 0.532292 0.050996 0.066667
27 0.269050 0.529167 0.046893 0.060417
27 0.222743 0.518750 0.048066 0.058333
32 0.372509 0.310417 0.042790 0.089583
9 0.466882 0.266667 0.042790 0.070833
9 0.550117 0.265104 0.040445 0.065625
9 0.593494 0.268229 0.038101 0.067708
9 0.609027 0.335417 0.039859 0.083333
9 0.531946 0.330729 0.035756 0.088542
9 0.496190 0.327083 0.038101 0.085417
26 0.541325 0.554688 0.038101 0.040625
26 0.575322 0.552083 0.027550 0.043750
26 0.591735 0.578125 0.033411 0.041667
26 0.547773 0.586458 0.019343 0.029167
26 0.574736 0.637500 0.043962 0.060417
26 0.620457 0.715104 0.039273 0.082292
26 0.578253 0.707812 0.038101 0.080208
26 0.541325 0.707292 0.036928 0.083333
26 0.536049 0.632812 0.039273 0.065625
13 0.659730 0.689583 0.042790 0.125000
13 0.951055 0.704688 0.036928 0.109375
13 0.981243 0.708333 0.037515 0.095833
18 0.800410 0.588542 0.027550 0.062500
18 0.772860 0.586979 0.026377 0.063542
18 0.745018 0.583333 0.025791 0.058333
18 0.814185 0.725000 0.026964 0.066667
18 0.756448 0.729688 0.028722 0.055208
18 0.724795 0.722917 0.031067 0.070833
18 0.696073 0.712500 0.028722 0.085417
18 0.690211 0.580208 0.025205 0.066667
18 0.715709 0.581771 0.024619 0.063542
18 0.791618 0.653646 0.033411 0.057292
11 0.681712 0.477083 0.026964 0.056250
13 0.628370 0.554688 0.039859 0.090625
13 0.647714 0.602083 0.043376 0.062500
11 0.448710 0.558854 0.027550 0.071875
11 0.474209 0.569792 0.022274 0.064583
11 0.501172 0.567708 0.024619 0.066667
11 0.506448 0.711979 0.030481 0.076042
11 0.448417 0.708333 0.031653 0.079167
11 0.449297 0.632812 0.026377 0.073958
11 0.504103 0.640625 0.025791 0.064583
11 0.689918 0.362500 0.029308 0.054167
11 0.664713 0.358333 0.025791 0.052083
11 0.640973 0.355208 0.025205 0.054167
11 0.624560 0.294792 0.021688 0.043750
11 0.645955 0.306250 0.022274 0.043750
12 0.717175 0.336458 0.043962 0.102083
12 0.757913 0.342187 0.035170 0.101042
12 0.787808 0.344271 0.030481 0.098958
2 0.812720 0.483333 0.029894 0.066667
2 0.847890 0.477604 0.028722 0.059375
2 0.866940 0.483333 0.026964 0.060417
22 0.748828 0.474479 0.020516 0.069792
22 0.784877 0.479687 0.022274 0.073958
22 0.771981 0.475521 0.014068 0.073958
