1 0.385111 0.545312 0.049238 0.151042
6 0.278136 0.683333 0.045135 0.147917
6 0.190504 0.660417 0.044549 0.143750
6 0.245018 0.549479 0.039859 0.113542
6 0.297186 0.559896 0.046893 0.121875
6 0.290152 0.445312 0.048066 0.119792
6 0.246776 0.440104 0.032825 0.105208
6 0.213951 0.441146 0.038687 0.101042
6 0.206917 0.543750 0.039859 0.118750
35 0.838218 0.580729 0.037515 0.107292
35 0.792497 0.624479 0.067995 0.088542
35 0.741208 0.527083 0.049824 0.093750
35 0.793083 0.531771 0.057444 0.092708
35 0.904455 0.596354 0.056272 0.069792
35 0.711020 0.434375 0.043376 0.050000
35 0.755862 0.413542 0.043962 0.058333
35 0.842321 0.436979 0.048066 0.042708
35 0.905041 0.503646 0.041032 0.061458
35 0.966882 0.668229 0.066237 0.088542
35 0.900645 0.672917 0.048652 0.079167
35 0.851700 0.662500 0.053927 0.054167
35 0.760844 0.652604 0.053927 0.071875
35 0.810082 0.471354 0.045721 0.067708
