5 0.303789 0.296480 0.028417 0.056859
5 0.326793 0.301895 0.020298 0.051444
5 0.337618 0.262635 0.046008 0.034296
6 0.398850 0.314531 0.031800 0.051444
6 0.406631 0.264440 0.020298 0.046931
6 0.428620 0.266697 0.026387 0.056859
6 0.613667 0.267599 0.028417 0.035199
6 0.579499 0.266697 0.027740 0.042419
6 0.549729 0.265343 0.026387 0.036101
6 0.453992 0.257671 0.018945 0.046029
6 0.483085 0.251805 0.024357 0.043321
6 0.513532 0.255415 0.024357 0.048736
6 0.632273 0.314079 0.027740 0.036101
6 0.606225 0.307762 0.024357 0.032491
6 0.546008 0.311823 0.032476 0.035199
18 0.390392 0.426444 0.040595 0.051444
18 0.423884 0.428700 0.034506 0.055957
18 0.463464 0.432310 0.039242 0.052347
18 0.572057 0.438628 0.027740 0.054152
18 0.606563 0.440884 0.033153 0.051444
18 0.645129 0.444495 0.041272 0.055054
18 0.642422 0.388087 0.037212 0.041516
18 0.606901 0.386733 0.035183 0.047834
18 0.572057 0.384477 0.034506 0.043321
18 0.537212 0.382220 0.031123 0.038809
18 0.504736 0.381318 0.032476 0.044224
18 0.470568 0.380415 0.033153 0.044224
18 0.439107 0.379061 0.039242 0.048736
18 0.406969 0.379964 0.037212 0.050542
6 0.339310 0.417870 0.039919 0.059567
19 0.453315 0.573556 0.018945 0.203069
19 0.471583 0.575812 0.021651 0.202166
19 0.487821 0.579422 0.017591 0.205776
19 0.505413 0.578069 0.017591 0.201264
19 0.520636 0.581679 0.020974 0.203069
19 0.536198 0.578971 0.020974 0.206679
19 0.553112 0.580776 0.022327 0.197653
19 0.573072 0.583032 0.024357 0.203971
19 0.589986 0.581227 0.025710 0.202166
19 0.622801 0.579874 0.025034 0.199458
19 0.644114 0.577617 0.031123 0.187726
19 0.423545 0.576264 0.016238 0.208484
19 0.438769 0.577166 0.011502 0.204874
19 0.407307 0.574458 0.013532 0.206679
19 0.392422 0.570848 0.016238 0.204874
19 0.370433 0.573556 0.025034 0.208484
19 0.349120 0.568141 0.032476 0.215704
19 0.307510 0.569495 0.042625 0.202166
19 0.323748 0.567238 0.050744 0.201264
14 0.238160 0.628610 0.059540 0.096570
14 0.181664 0.626805 0.053451 0.098375
14 0.117727 0.621390 0.054127 0.100181
14 0.072057 0.613267 0.039919 0.111011
14 0.208390 0.555957 0.044655 0.077617
14 0.261164 0.559567 0.054127 0.084838
14 0.251691 0.485560 0.043302 0.055957
14 0.162720 0.537906 0.041272 0.059567
10 0.693843 0.286101 0.034506 0.043321
10 0.670839 0.336643 0.043978 0.039711
10 0.656969 0.280235 0.031123 0.031588
10 0.791949 0.411101 0.037212 0.049639
10 0.922530 0.455776 0.035859 0.054152
10 0.888363 0.456679 0.033829 0.055957
10 0.848444 0.458935 0.043302 0.053249
10 0.808525 0.458484 0.036536 0.045126
10 0.768606 0.456679 0.037889 0.045126
10 0.729026 0.452166 0.039919 0.046931
10 0.685724 0.452166 0.037212 0.045126
10 0.682679 0.410650 0.039242 0.041516
10 0.717524 0.407491 0.039919 0.042419
10 0.753721 0.412906 0.037889 0.042419
11 0.729364 0.291968 0.029770 0.035199
11 0.713802 0.337094 0.031123 0.038809
11 0.745602 0.342058 0.032476 0.039711
11 0.761164 0.294675 0.028417 0.035199
11 0.792287 0.296029 0.028417 0.036101
11 0.821042 0.297834 0.031800 0.041516
11 0.851827 0.301895 0.032476 0.038809
11 0.880920 0.302347 0.029770 0.039711
11 0.910014 0.301895 0.029770 0.038809
11 0.926928 0.351534 0.032476 0.042419
11 0.898173 0.350181 0.030447 0.046931
11 0.867727 0.348827 0.031800 0.044224
11 0.835250 0.344765 0.033153 0.039711
11 0.803451 0.344765 0.031800 0.041516
11 0.775034 0.341155 0.030447 0.041516
8 0.941813 0.597022 0.073072 0.074910
8 0.887009 0.539260 0.064953 0.071300
8 0.931664 0.534747 0.050068 0.058664
8 0.862991 0.596119 0.056157 0.067690
8 0.860284 0.668773 0.048038 0.083032
8 0.916103 0.668773 0.070365 0.093863
8 0.976658 0.669675 0.046685 0.090253
19 0.660690 0.580776 0.027740 0.195848
