27 0.095545 0.551042 0.050410 0.129167
27 0.146835 0.549479 0.055686 0.126042
27 0.224502 0.563542 0.051583 0.104167
27 0.224795 0.431250 0.050996 0.083333
27 0.281067 0.365625 0.063892 0.077083
27 0.223036 0.358854 0.046307 0.078125
27 0.288980 0.297396 0.046893 0.057292
27 0.242966 0.302083 0.042790 0.058333
27 0.199590 0.318750 0.038101 0.060417
27 0.148886 0.448437 0.052755 0.057292
8 0.296014 0.534896 0.058617 0.088542
8 0.364596 0.540104 0.052755 0.092708
8 0.428195 0.536458 0.053341 0.087500
8 0.497069 0.518229 0.044549 0.073958
8 0.407093 0.515625 0.038101 0.085417
8 0.375733 0.494271 0.035170 0.044792
8 0.329719 0.522917 0.036928 0.075000
8 0.453107 0.505729 0.043376 0.073958
8 0.484467 0.375521 0.040445 0.059375
8 0.449883 0.379688 0.040445 0.080208
8 0.409730 0.386458 0.049238 0.066667
8 0.366061 0.390104 0.045135 0.061458
8 0.428488 0.323437 0.037515 0.065625
8 0.404162 0.344271 0.038101 0.048958
8 0.393904 0.281771 0.033998 0.055208
8 0.464537 0.271354 0.029894 0.055208
8 0.429953 0.276042 0.039273 0.052083
8 0.417644 0.233333 0.035756 0.056250
8 0.379836 0.236458 0.036342 0.056250
8 0.330012 0.265625 0.036342 0.056250
19 0.696073 0.366146 0.120164 0.044792
19 0.711020 0.400000 0.139508 0.052083
19 0.702521 0.430729 0.137749 0.032292
19 0.725381 0.525000 0.165885 0.033333
19 0.703986 0.561458 0.114889 0.054167
3 0.861079 0.401562 0.037515 0.061458
3 0.875147 0.437500 0.039859 0.052083
3 0.818875 0.417187 0.035170 0.061458
7 0.927608 0.602604 0.039273 0.067708
7 0.892438 0.567187 0.042790 0.048958
