27 0.230950 0.833333 0.101993 0.216667
27 0.341735 0.821875 0.110199 0.227083
27 0.241794 0.632812 0.095545 0.182292
27 0.348476 0.627604 0.102579 0.178125
27 0.296893 0.423438 0.073271 0.111458
27 0.292790 0.318229 0.080305 0.098958
27 0.366061 0.327604 0.070926 0.130208
27 0.439039 0.322396 0.075029 0.144792
27 0.439039 0.445312 0.069168 0.115625
27 0.366647 0.453125 0.068581 0.108333
27 0.446659 0.564583 0.080891 0.170833
27 0.447538 0.830729 0.097890 0.192708
27 0.547773 0.821354 0.097890 0.196875
27 0.648007 0.792188 0.090856 0.240625
27 0.626612 0.563021 0.103165 0.167708
27 0.533705 0.511458 0.077960 0.175000
27 0.595545 0.420833 0.071512 0.125000
27 0.658558 0.406771 0.070926 0.113542
27 0.680246 0.526042 0.068581 0.127083
27 0.514068 0.295833 0.072685 0.106250
27 0.578839 0.307292 0.061547 0.108333
27 0.649472 0.293229 0.078546 0.107292
27 0.517292 0.402604 0.075615 0.134375
