29 0.170313 0.575694 0.048438 0.131944
29 0.219531 0.559722 0.034375 0.108333
29 0.254688 0.559722 0.039062 0.116667
22 0.219141 0.640972 0.024219 0.070833
22 0.243359 0.654167 0.024219 0.077778
22 0.267188 0.671528 0.023438 0.076389
4 0.298047 0.627778 0.022656 0.097222
4 0.314063 0.606250 0.028125 0.112500
4 0.339844 0.563194 0.029687 0.101389
4 0.382031 0.590278 0.025000 0.100000
4 0.358594 0.593056 0.018750 0.091667
4 0.418359 0.609028 0.039844 0.084722
4 0.448828 0.607639 0.053906 0.090278
4 0.457813 0.572917 0.042188 0.073611
8 0.313672 0.390278 0.041406 0.069444
8 0.314844 0.334722 0.045312 0.066667
8 0.273047 0.338194 0.046094 0.059722
20 0.205078 0.286111 0.016406 0.300000
36 0.507031 0.577778 0.039062 0.094444
36 0.542578 0.556250 0.036719 0.079167
23 0.547266 0.370139 0.035156 0.106944
23 0.582031 0.375000 0.026562 0.105556
23 0.608594 0.372917 0.026562 0.095833
13 0.642578 0.356944 0.039844 0.130556
14 0.677344 0.368750 0.028125 0.095833
27 0.614453 0.586806 0.042969 0.109722
25 0.706641 0.520139 0.072656 0.043056
