15 0.276562 0.264583 0.054688 0.076389
15 0.303516 0.322222 0.052344 0.083333
30 0.350000 0.261111 0.051562 0.066667
30 0.359375 0.327778 0.051562 0.077778
30 0.401562 0.254861 0.042188 0.068056
30 0.419531 0.330556 0.048438 0.080556
4 0.404687 0.598611 0.025000 0.102778
4 0.423828 0.571528 0.032031 0.104167
4 0.448437 0.609028 0.028125 0.131944
4 0.474609 0.603472 0.028906 0.131944
33 0.517578 0.506944 0.057031 0.144444
0 0.535937 0.653472 0.073438 0.104167
0 0.529297 0.593056 0.060156 0.066667
12 0.606250 0.293750 0.062500 0.154167
27 0.658984 0.284722 0.049219 0.113889
25 0.822656 0.494444 0.112500 0.083333
25 0.799219 0.525000 0.087500 0.072222
