10 0.332943 0.473438 0.041032 0.069792
10 0.363423 0.477083 0.031653 0.075000
10 0.393025 0.484375 0.038101 0.081250
10 0.449297 0.492188 0.029894 0.076042
2 0.488863 0.511458 0.051583 0.083333
11 0.539859 0.673958 0.028136 0.062500
11 0.519637 0.647917 0.025205 0.056250
11 0.509086 0.691146 0.036928 0.057292
11 0.503517 0.728125 0.036342 0.062500
11 0.458089 0.726042 0.040445 0.066667
11 0.437866 0.791146 0.036342 0.084375
11 0.470106 0.797396 0.037515 0.076042
11 0.492673 0.821354 0.045135 0.082292
11 0.569168 0.796354 0.039859 0.061458
11 0.582943 0.754167 0.034584 0.062500
11 0.617526 0.812500 0.043962 0.083333
11 0.589390 0.859896 0.050996 0.088542
11 0.545428 0.881771 0.050996 0.092708
11 0.400352 0.884375 0.037515 0.085417
11 0.430246 0.913542 0.038687 0.087500
11 0.466002 0.931250 0.037515 0.089583
11 0.507327 0.949479 0.045135 0.096875
11 0.553634 0.956771 0.045135 0.086458
11 0.594959 0.931771 0.043376 0.065625
11 0.623974 0.906250 0.028722 0.100000
11 0.654748 0.829688 0.026964 0.071875
35 0.322685 0.803646 0.042790 0.092708
35 0.369285 0.857812 0.048066 0.076042
35 0.387163 0.716667 0.038101 0.106250
35 0.330598 0.696875 0.024619 0.068750
35 0.415592 0.750000 0.039859 0.102083
35 0.372802 0.607812 0.021102 0.065625
35 0.398886 0.613542 0.027550 0.077083
35 0.458089 0.620833 0.036928 0.070833
6 0.285463 0.801042 0.029308 0.102083
6 0.236225 0.764062 0.029308 0.101042
6 0.304220 0.694792 0.029308 0.083333
6 0.290445 0.676042 0.032239 0.085417
6 0.211899 0.740104 0.028722 0.101042
6 0.257913 0.659896 0.029308 0.061458
6 0.326202 0.600521 0.035756 0.071875
6 0.200762 0.618750 0.026377 0.077083
6 0.164127 0.702604 0.037515 0.092708
13 0.617819 0.573438 0.084408 0.109375
13 0.660023 0.732812 0.048066 0.173958
13 0.695780 0.660417 0.024619 0.147917
13 0.634232 0.540625 0.072685 0.114583
13 0.654455 0.518750 0.065064 0.104167
