10 0.375733 0.104167 0.070340 0.104167
10 0.455744 0.106771 0.069754 0.109375
10 0.460434 0.567187 0.066237 0.086458
10 0.524033 0.573958 0.059789 0.100000
10 0.588218 0.613021 0.062720 0.105208
10 0.462192 0.658854 0.067409 0.088542
10 0.521395 0.668229 0.056858 0.123958
10 0.604338 0.752604 0.067995 0.107292
10 0.478312 0.765625 0.063306 0.137500
10 0.597597 0.854167 0.062720 0.097917
10 0.628370 0.891146 0.080891 0.121875
10 0.537515 0.928646 0.079719 0.105208
10 0.453693 0.944271 0.079719 0.111458
10 0.444607 0.851562 0.075615 0.084375
26 0.757620 0.345833 0.059203 0.089583
26 0.816823 0.354167 0.065064 0.118750
6 0.439039 0.289583 0.063306 0.093750
6 0.509965 0.292708 0.056272 0.125000
6 0.618113 0.303125 0.069754 0.100000
6 0.701055 0.358333 0.052755 0.114583
6 0.643318 0.385417 0.050996 0.072917
