12 0.135404 0.511979 0.030481 0.148958
12 0.186108 0.539062 0.046307 0.151042
12 0.225967 0.545312 0.042790 0.180208
12 0.259965 0.559375 0.066237 0.185417
12 0.328253 0.594792 0.083236 0.150000
12 0.382474 0.599479 0.066237 0.223958
12 0.323857 0.422917 0.102579 0.114583
23 0.355803 0.307292 0.036342 0.120833
23 0.391852 0.315625 0.032239 0.125000
23 0.428781 0.325521 0.041618 0.132292
23 0.467468 0.339583 0.034584 0.141667
23 0.509672 0.349479 0.043962 0.128125
2 0.600234 0.770833 0.050410 0.108333
2 0.556272 0.759896 0.050410 0.109375
2 0.592614 0.665625 0.055100 0.087500
2 0.622802 0.650521 0.041618 0.098958
2 0.652696 0.705208 0.035756 0.077083
2 0.645955 0.611979 0.046893 0.084375
2 0.592907 0.550000 0.042790 0.064583
2 0.565064 0.567708 0.051583 0.070833
19 0.672040 0.483333 0.088511 0.145833
19 0.685815 0.467187 0.064478 0.105208
19 0.690797 0.448958 0.060375 0.118750
19 0.701934 0.431771 0.058030 0.096875
1 0.552755 0.167708 0.024619 0.097917
1 0.594666 0.169792 0.031067 0.072917
1 0.607855 0.161458 0.029308 0.077083
9 0.473036 0.162500 0.049238 0.145833
9 0.517878 0.177083 0.042790 0.122917
9 0.433763 0.154688 0.044549 0.146875
9 0.391559 0.145833 0.043376 0.089583
9 0.428488 0.069792 0.053927 0.062500
0 0.740914 0.311458 0.028136 0.056250
0 0.716589 0.285417 0.018171 0.043750
31 0.452227 0.498958 0.060375 0.064583
31 0.509086 0.492708 0.048652 0.077083
31 0.509672 0.602604 0.047479 0.086458
31 0.505275 0.716146 0.051583 0.117708
31 0.465416 0.643229 0.039859 0.092708
31 0.402403 0.680208 0.040445 0.070833
33 0.661489 0.600000 0.045135 0.102083
33 0.672040 0.576042 0.036928 0.102083
33 0.681712 0.552604 0.035170 0.096875
33 0.697538 0.531771 0.026964 0.098958
33 0.638628 0.479687 0.054513 0.076042
33 0.629543 0.502083 0.055100 0.089583
33 0.607268 0.284375 0.035170 0.083333
33 0.620750 0.271354 0.029308 0.076042
33 0.637456 0.259375 0.022860 0.068750
