11 0.678781 0.486979 0.062134 0.113542
11 0.635991 0.603646 0.055100 0.103125
11 0.628370 0.770312 0.071512 0.134375
11 0.402403 0.509896 0.046307 0.098958
11 0.444607 0.527083 0.041618 0.110417
11 0.480070 0.415104 0.039859 0.128125
11 0.519343 0.410938 0.033998 0.101042
11 0.498242 0.580208 0.057444 0.112500
11 0.420868 0.692708 0.049238 0.102083
11 0.530188 0.756771 0.059203 0.109375
11 0.594080 0.726042 0.054513 0.122917
11 0.567409 0.561979 0.050410 0.101042
26 0.597304 0.248438 0.069168 0.113542
26 0.669695 0.225000 0.077960 0.158333
