16 0.779308 0.587500 0.054513 0.093750
16 0.752052 0.478646 0.052755 0.086458
16 0.640680 0.476042 0.046893 0.095833
16 0.735053 0.707292 0.058617 0.095833
16 0.600234 0.697396 0.052755 0.107292
16 0.536635 0.703646 0.049824 0.090625
16 0.533705 0.583333 0.048652 0.100000
16 0.470399 0.585938 0.050996 0.101042
16 0.472743 0.702083 0.050996 0.087500
16 0.416178 0.475000 0.045721 0.087500
16 0.408265 0.590104 0.049824 0.094792
16 0.401524 0.710938 0.055100 0.109375
16 0.352579 0.464583 0.048652 0.095833
16 0.301290 0.465625 0.044549 0.091667
16 0.335873 0.590625 0.046893 0.093750
16 0.327667 0.703646 0.053927 0.101042
16 0.362251 0.829167 0.059789 0.100000
16 0.298652 0.834896 0.065064 0.109375
16 0.228312 0.836979 0.073271 0.113542
16 0.274619 0.589063 0.056858 0.101042
16 0.233294 0.466146 0.048066 0.094792
16 0.179953 0.457813 0.055100 0.096875
16 0.214830 0.570833 0.053341 0.108333
16 0.196073 0.697917 0.054513 0.108333
16 0.153283 0.566667 0.059203 0.110417
16 0.124267 0.699479 0.066823 0.103125
16 0.581184 0.879167 0.080305 0.122917
16 0.640094 0.829688 0.083236 0.111458
16 0.711606 0.855729 0.076202 0.115625
