36 0.200947 0.685921 0.059540 0.092058
36 0.144790 0.683213 0.056834 0.110108
36 0.086604 0.689079 0.054127 0.100181
36 0.029432 0.688628 0.057510 0.093863
36 0.217185 0.609206 0.055480 0.075812
36 0.163058 0.600181 0.055480 0.064982
36 0.106225 0.601083 0.060893 0.059567
36 0.049729 0.612365 0.048038 0.060469
36 0.236468 0.546931 0.054804 0.046931
36 0.183018 0.547834 0.050744 0.046931
36 0.126861 0.552798 0.053451 0.047834
36 0.076116 0.556859 0.046685 0.041516
7 0.158322 0.477437 0.033829 0.072202
7 0.191475 0.480596 0.036536 0.067690
11 0.232070 0.488718 0.036536 0.049639
11 0.266915 0.490523 0.037212 0.046029
11 0.304127 0.491426 0.034506 0.042419
11 0.344046 0.489170 0.039919 0.054152
11 0.382612 0.491877 0.035859 0.048736
11 0.380244 0.442690 0.035183 0.046029
11 0.345737 0.444043 0.032476 0.046931
11 0.311570 0.441336 0.035859 0.043321
11 0.277740 0.441336 0.034506 0.045126
11 0.243234 0.439531 0.035859 0.045126
11 0.253383 0.378159 0.043978 0.045126
11 0.291610 0.381769 0.037889 0.041516
11 0.327808 0.385830 0.041272 0.037004
11 0.361637 0.384477 0.038566 0.037906
11 0.393099 0.382671 0.031123 0.039711
11 0.394790 0.338448 0.033153 0.039711
11 0.362652 0.362365 0.035183 0.033394
11 0.322057 0.360108 0.036536 0.030686
11 0.283829 0.355144 0.037212 0.038809
6 0.113329 0.468863 0.046685 0.065884
7 0.203654 0.428700 0.040595 0.039711
10 0.278417 0.572653 0.046685 0.055054
10 0.319012 0.574007 0.041272 0.057762
10 0.359946 0.574458 0.036536 0.053249
10 0.263194 0.631318 0.041949 0.056859
10 0.309202 0.628159 0.041949 0.064982
10 0.351488 0.630866 0.037212 0.054152
10 0.252030 0.706679 0.038566 0.066787
10 0.292963 0.707581 0.040595 0.068592
10 0.338295 0.708032 0.040595 0.067690
10 0.372801 0.699458 0.031123 0.070397
10 0.404939 0.703520 0.027740 0.071300
10 0.432341 0.709838 0.027064 0.065884
10 0.462788 0.708032 0.029770 0.067690
10 0.492896 0.712545 0.031800 0.071300
10 0.385318 0.631769 0.027740 0.045126
10 0.412720 0.634928 0.027064 0.051444
10 0.437754 0.636733 0.027064 0.055054
10 0.464479 0.634025 0.026387 0.055054
10 0.489175 0.636733 0.023004 0.049639
10 0.490189 0.578069 0.023681 0.046029
10 0.465494 0.577617 0.023004 0.045126
10 0.439445 0.575361 0.023681 0.046029
10 0.416103 0.576264 0.023004 0.047834
10 0.391069 0.576264 0.024357 0.047834
10 0.422530 0.377708 0.025034 0.049639
10 0.446211 0.378610 0.020974 0.051444
10 0.468200 0.378610 0.024357 0.053249
10 0.423207 0.328520 0.022327 0.039711
10 0.445873 0.327617 0.023004 0.043321
10 0.466847 0.332130 0.021651 0.036101
22 0.489175 0.377708 0.025710 0.056859
22 0.514208 0.373646 0.024357 0.055957
22 0.536198 0.377708 0.020974 0.058664
22 0.557848 0.378610 0.020974 0.053249
22 0.579161 0.377708 0.021651 0.056859
22 0.598106 0.376354 0.020298 0.059567
22 0.620095 0.376805 0.022327 0.060469
22 0.613667 0.324007 0.021651 0.048736
22 0.595061 0.325812 0.016915 0.045126
22 0.576793 0.326264 0.023681 0.053249
22 0.553451 0.325361 0.025710 0.051444
22 0.531800 0.325361 0.020298 0.047834
22 0.510149 0.324910 0.025710 0.048736
22 0.487483 0.327617 0.022327 0.046931
18 0.582206 0.488718 0.035859 0.060469
18 0.617727 0.490975 0.039242 0.050542
18 0.654939 0.494134 0.036536 0.053249
18 0.689783 0.491877 0.033153 0.055957
18 0.720568 0.492780 0.035183 0.054152
18 0.759811 0.489170 0.043302 0.063177
18 0.745940 0.441787 0.033153 0.038809
18 0.708390 0.449007 0.036536 0.051444
18 0.669147 0.444946 0.040595 0.052347
32 0.811570 0.476986 0.057510 0.091155
32 0.850135 0.481498 0.049391 0.082130
32 0.886671 0.474278 0.050744 0.082130
9 0.900541 0.690884 0.062246 0.103791
9 0.949594 0.691336 0.052097 0.099278
9 0.878214 0.617780 0.056834 0.074910
9 0.860284 0.564982 0.049391 0.063177
2 0.861976 0.712094 0.048714 0.066787
2 0.846752 0.652978 0.038566 0.060469
2 0.814953 0.661552 0.034506 0.046931
2 0.822733 0.715253 0.037889 0.062274
2 0.800068 0.585740 0.035859 0.061372
2 0.766576 0.587094 0.037889 0.060469
2 0.778417 0.645758 0.041272 0.071300
2 0.730041 0.610560 0.046008 0.044224
2 0.759811 0.691336 0.062246 0.057762
2 0.698917 0.689982 0.056834 0.053249
2 0.644452 0.683664 0.048038 0.042419
2 0.589986 0.680957 0.059540 0.044224
2 0.637348 0.644856 0.055480 0.044224
2 0.687415 0.621390 0.048714 0.047834
2 0.585250 0.626805 0.043302 0.040614
2 0.646143 0.338448 0.037889 0.057762
2 0.680650 0.384928 0.037889 0.047834
2 0.678281 0.341606 0.033153 0.051444
2 0.713802 0.345668 0.040595 0.046931
2 0.718200 0.386733 0.039919 0.047834
2 0.756766 0.386282 0.038566 0.046931
2 0.753045 0.348375 0.046008 0.046931
