13 0.080176 0.555957 0.046685 0.124549
13 0.110284 0.574910 0.059540 0.108303
13 0.136333 0.593863 0.052097 0.120939
13 0.169147 0.611462 0.056834 0.123646
13 0.202977 0.627708 0.058187 0.138087
13 0.281461 0.678249 0.079838 0.129061
13 0.226996 0.661101 0.030447 0.129061
1 0.285183 0.416968 0.038566 0.086643
1 0.252368 0.413809 0.056834 0.071300
11 0.346752 0.422383 0.029093 0.025271
11 0.347429 0.456227 0.030447 0.038809
11 0.377199 0.437274 0.030447 0.035199
11 0.375507 0.475632 0.028417 0.041516
11 0.405954 0.481498 0.033829 0.042419
11 0.408999 0.441787 0.034506 0.040614
11 0.416779 0.425542 0.032476 0.044224
25 0.313599 0.722022 0.041272 0.133574
25 0.365697 0.761282 0.073748 0.114621
25 0.371110 0.711191 0.056157 0.164260
25 0.435386 0.738267 0.106225 0.104693
25 0.455345 0.725632 0.098782 0.077617
25 0.471583 0.715253 0.074425 0.071300
25 0.495602 0.642148 0.054804 0.103791
25 0.516576 0.677347 0.056157 0.118231
25 0.533153 0.670578 0.040595 0.133574
25 0.537212 0.657942 0.058187 0.137184
25 0.557172 0.649368 0.045332 0.121841
25 0.403924 0.562274 0.040595 0.084838
25 0.356225 0.593412 0.048038 0.087545
25 0.369418 0.587094 0.036536 0.064079
25 0.403248 0.561372 0.033829 0.084838
6 0.492896 0.328971 0.038566 0.051444
6 0.523342 0.319495 0.041272 0.061372
6 0.543302 0.318592 0.025710 0.057762
6 0.556495 0.316336 0.025034 0.055054
6 0.510825 0.272112 0.028417 0.027978
6 0.540595 0.272112 0.021651 0.029783
6 0.555819 0.272112 0.019621 0.027978
6 0.615697 0.305505 0.021651 0.053249
6 0.626184 0.301895 0.020974 0.049639
35 0.531800 0.446300 0.023004 0.037004
35 0.549391 0.438628 0.020298 0.034296
35 0.569012 0.433213 0.027064 0.032491
35 0.593031 0.425542 0.029093 0.029783
35 0.607916 0.411552 0.020974 0.037906
35 0.625507 0.407040 0.016915 0.036101
35 0.536198 0.403881 0.034506 0.038809
35 0.552774 0.399368 0.024357 0.033394
35 0.569350 0.394856 0.026387 0.040614
35 0.587618 0.392599 0.025034 0.034296
35 0.620095 0.378610 0.027740 0.029783
35 0.630244 0.370939 0.023681 0.028881
35 0.646482 0.400271 0.022327 0.031588
10 0.557172 0.504964 0.030447 0.031588
10 0.545670 0.523466 0.030447 0.036101
10 0.578146 0.500000 0.026387 0.030686
10 0.591678 0.494134 0.016915 0.033394
10 0.614682 0.501805 0.030447 0.028881
10 0.623139 0.477888 0.018945 0.029783
10 0.633288 0.502256 0.024357 0.037004
10 0.596076 0.558213 0.027064 0.040614
10 0.597429 0.598375 0.029770 0.036101
10 0.590325 0.618682 0.025034 0.044224
10 0.608593 0.645758 0.029093 0.044224
10 0.624493 0.582581 0.037889 0.040614
10 0.646482 0.572653 0.030447 0.044224
10 0.668471 0.514440 0.024357 0.041516
10 0.696211 0.529332 0.027064 0.033394
10 0.678620 0.560469 0.027064 0.037906
31 0.706022 0.483755 0.054804 0.059567
31 0.729026 0.476534 0.050744 0.048736
31 0.741881 0.471119 0.053451 0.043321
31 0.753721 0.456679 0.051421 0.036101
31 0.729702 0.529332 0.033153 0.029783
31 0.759472 0.508123 0.025034 0.025271
31 0.776725 0.493682 0.018945 0.030686
8 0.781461 0.454422 0.027064 0.033394
8 0.796346 0.449910 0.027064 0.040614
8 0.757104 0.423285 0.025710 0.034296
33 0.639378 0.279783 0.036536 0.083032
11 0.686062 0.384928 0.014885 0.026173
11 0.695535 0.382671 0.012179 0.023466
11 0.703315 0.379513 0.014208 0.024368
11 0.718200 0.349729 0.016915 0.018953
11 0.707037 0.351534 0.017591 0.018953
11 0.689445 0.356949 0.021651 0.020758
11 0.677267 0.360108 0.017591 0.019856
11 0.667456 0.364170 0.018268 0.022563
11 0.657984 0.365072 0.018268 0.020758
11 0.648512 0.370036 0.018268 0.019856
6 0.567659 0.271209 0.023004 0.031588
6 0.606563 0.267148 0.019621 0.025271
13 0.309878 0.559567 0.048714 0.068592
13 0.264547 0.533845 0.039242 0.058664
13 0.232409 0.524819 0.033153 0.055054
13 0.201624 0.511733 0.029770 0.052347
1 0.310555 0.421931 0.036536 0.065884
37 0.455345 0.466606 0.046008 0.052347
37 0.484438 0.455325 0.037889 0.055054
37 0.506428 0.435469 0.033153 0.062274
