6 0.056272 0.625000 0.052755 0.110417
6 0.092614 0.666667 0.038687 0.106250
6 0.125147 0.679167 0.049824 0.108333
6 0.134232 0.575521 0.048066 0.103125
6 0.120164 0.552083 0.046893 0.089583
6 0.188453 0.568229 0.046307 0.094792
6 0.227433 0.477604 0.046893 0.086458
10 0.251758 0.503125 0.050996 0.075000
10 0.272860 0.526042 0.039273 0.077083
10 0.293669 0.540625 0.041032 0.068750
10 0.329426 0.544271 0.038687 0.082292
10 0.359613 0.555208 0.056858 0.075000
10 0.402110 0.567187 0.050410 0.059375
10 0.202814 0.598437 0.039859 0.073958
10 0.216882 0.617188 0.039859 0.076042
10 0.252052 0.622396 0.044549 0.080208
10 0.275498 0.650521 0.049238 0.090625
10 0.312134 0.672396 0.043962 0.082292
10 0.158265 0.710938 0.048066 0.090625
10 0.200762 0.734896 0.053341 0.092708
10 0.245897 0.765625 0.055686 0.091667
10 0.285463 0.793229 0.046893 0.105208
35 0.424091 0.878125 0.047479 0.122917
35 0.475967 0.907813 0.065651 0.153125
35 0.531067 0.926042 0.055100 0.147917
35 0.580305 0.942187 0.052755 0.115625
35 0.493552 0.744792 0.058617 0.129167
35 0.547479 0.766667 0.050410 0.110417
35 0.621630 0.906250 0.062720 0.100000
35 0.592907 0.738021 0.058030 0.096875
35 0.646835 0.831250 0.045135 0.106250
35 0.529601 0.605729 0.043962 0.105208
35 0.486518 0.539062 0.030481 0.073958
10 0.350234 0.370312 0.048652 0.090625
10 0.304513 0.360938 0.048652 0.084375
10 0.256448 0.350000 0.047479 0.091667
11 0.562427 0.297917 0.026377 0.054167
11 0.578253 0.336458 0.024033 0.052083
11 0.605217 0.395833 0.027550 0.050000
11 0.639215 0.486979 0.025205 0.055208
11 0.644783 0.458333 0.029308 0.045833
11 0.618992 0.436979 0.019930 0.048958
11 0.657972 0.427083 0.026377 0.039583
11 0.664127 0.408333 0.025791 0.031250
11 0.669988 0.484896 0.018757 0.048958
11 0.681419 0.552604 0.025205 0.048958
11 0.686694 0.530208 0.027550 0.043750
11 0.694607 0.507812 0.024619 0.032292
11 0.694900 0.484375 0.025205 0.039583
11 0.700176 0.471875 0.025205 0.035417
11 0.704865 0.457292 0.025205 0.039583
