13 0.079422 0.096752 0.155235 0.136671
13 0.195848 0.096752 0.151625 0.135318
13 0.313177 0.097429 0.117329 0.129905
13 0.426895 0.099459 0.110108 0.127199
13 0.544675 0.089986 0.098375 0.131258
33 0.630866 0.345399 0.137184 0.046685
33 0.643502 0.390054 0.131769 0.045332
33 0.645758 0.432679 0.143502 0.043978
9 0.664260 0.524019 0.122744 0.043978
9 0.671931 0.564276 0.130866 0.039242
9 0.679603 0.601488 0.124549 0.058187
9 0.678249 0.651218 0.132671 0.042625
9 0.554152 0.525034 0.115523 0.041949
9 0.549188 0.565629 0.111011 0.041949
9 0.559567 0.613667 0.119134 0.048714
9 0.553700 0.652571 0.107401 0.042625
9 0.430957 0.525710 0.127256 0.044655
9 0.432310 0.568674 0.124549 0.042625
9 0.435469 0.612991 0.118231 0.052774
32 0.522563 0.411028 0.093863 0.039919
32 0.424639 0.415088 0.092960 0.049391
13 0.263989 0.556834 0.121841 0.148850
13 0.125000 0.503721 0.177798 0.076455
13 0.099729 0.567321 0.194043 0.076455
13 0.081679 0.650203 0.161552 0.120433
31 0.965704 0.583559 0.068592 0.122463
19 0.914711 0.574763 0.100181 0.137348
19 0.847022 0.484438 0.074910 0.162382
19 0.817690 0.481394 0.063177 0.172530
