13 0.472260 0.879513 0.085250 0.210289
13 0.541272 0.857852 0.051421 0.222924
13 0.619418 0.817690 0.080514 0.207581
13 0.684371 0.788357 0.060217 0.177798
13 0.732747 0.760830 0.059540 0.169675
13 0.781123 0.745939 0.050744 0.165162
13 0.541272 0.652076 0.073072 0.150722
13 0.471583 0.652076 0.066306 0.152527
13 0.404263 0.813177 0.062923 0.211191
13 0.613329 0.651625 0.068336 0.142599
13 0.656292 0.631769 0.078484 0.133574
11 0.301759 0.636282 0.035183 0.039711
11 0.293978 0.608303 0.035859 0.030686
11 0.284506 0.586191 0.034506 0.022563
11 0.270298 0.565884 0.041272 0.027076
11 0.262179 0.544675 0.033153 0.024368
11 0.252706 0.523917 0.035859 0.020758
11 0.297700 0.483303 0.033829 0.018953
11 0.308187 0.501354 0.033153 0.017148
11 0.322733 0.516697 0.032476 0.018953
11 0.336265 0.533845 0.036536 0.020758
11 0.349459 0.555505 0.039919 0.018953
11 0.363667 0.578520 0.037212 0.023466
11 0.398512 0.540162 0.035183 0.035199
11 0.385656 0.512635 0.033829 0.021661
11 0.372801 0.493231 0.032476 0.022563
11 0.362314 0.475181 0.033153 0.015343
11 0.349459 0.462094 0.031800 0.021661
11 0.335927 0.449910 0.026387 0.029783
32 0.481394 0.313177 0.041272 0.077617
32 0.448579 0.311372 0.036536 0.083032
32 0.532476 0.261282 0.059540 0.060469
9 0.409675 0.201264 0.035859 0.063177
9 0.381935 0.184567 0.023681 0.046029
35 0.419824 0.430505 0.041272 0.061372
35 0.394114 0.413357 0.031800 0.054152
35 0.380244 0.398466 0.035183 0.056859
35 0.346076 0.363267 0.035859 0.053249
35 0.445196 0.461191 0.043302 0.057762
