33 0.717761 0.419271 0.082649 0.201042
33 0.794549 0.406771 0.080305 0.215625
33 0.875733 0.448437 0.078546 0.163542
19 0.633939 0.352604 0.043962 0.330208
19 0.599062 0.326562 0.019930 0.371875
19 0.526964 0.326042 0.026964 0.391667
19 0.271395 0.340104 0.048066 0.338542
19 0.296014 0.329167 0.057444 0.360417
19 0.366647 0.344792 0.039273 0.325000
19 0.450469 0.282813 0.054513 0.365625
19 0.500293 0.359375 0.026377 0.325000
19 0.557737 0.334375 0.042790 0.331250
7 0.954279 0.447396 0.078546 0.103125
7 0.918816 0.291146 0.081477 0.086458
7 0.922626 0.223958 0.072685 0.079167
7 0.855217 0.155208 0.038687 0.064583
7 0.961313 0.118750 0.066823 0.058333
