15 0.091149 0.535937 0.048652 0.063542
15 0.149472 0.534896 0.044549 0.061458
15 0.196366 0.523438 0.051583 0.090625
15 0.218054 0.524479 0.038687 0.080208
15 0.256448 0.530208 0.032239 0.072917
15 0.300410 0.528125 0.036928 0.058333
15 0.328546 0.509896 0.038101 0.046875
15 0.361665 0.518229 0.028136 0.057292
15 0.397714 0.523958 0.036928 0.066667
8 0.525205 0.525521 0.057444 0.086458
8 0.510844 0.463542 0.043962 0.070833
8 0.571219 0.492188 0.050996 0.084375
8 0.549531 0.448437 0.047479 0.078125
8 0.617819 0.468229 0.055100 0.084375
8 0.604924 0.534896 0.053927 0.067708
8 0.643025 0.512500 0.044549 0.060417
8 0.692263 0.515625 0.050410 0.058333
8 0.741794 0.530729 0.050996 0.046875
8 0.759379 0.560937 0.056858 0.055208
8 0.825909 0.523958 0.059789 0.085417
8 0.774326 0.501563 0.049238 0.063542
8 0.832063 0.471875 0.054513 0.081250
8 0.783705 0.445312 0.052755 0.063542
8 0.490328 0.547396 0.033411 0.042708
