27 0.578253 0.738542 0.188159 0.408333
27 0.903869 0.628646 0.169988 0.267708
27 0.717761 0.564063 0.104924 0.288542
11 0.051583 0.911979 0.097304 0.128125
11 0.141266 0.913021 0.084408 0.119792
11 0.081770 0.748958 0.082649 0.108333
11 0.169988 0.742188 0.092614 0.121875
11 0.258206 0.738542 0.082649 0.112500
11 0.338511 0.744792 0.092028 0.118750
11 0.359320 0.635938 0.077374 0.111458
11 0.281067 0.637500 0.080305 0.104167
11 0.198417 0.645833 0.087339 0.108333
11 0.116354 0.652604 0.080305 0.113542
11 0.160023 0.518750 0.076202 0.079167
11 0.189625 0.445833 0.066237 0.087500
11 0.210727 0.380208 0.060375 0.075000
11 0.255275 0.451562 0.067409 0.078125
11 0.274326 0.380729 0.058617 0.078125
11 0.245604 0.519792 0.073857 0.064583
11 0.313013 0.510938 0.065651 0.076042
11 0.334994 0.384896 0.059203 0.080208
11 0.393904 0.373958 0.058617 0.075000
11 0.454279 0.369271 0.056272 0.078125
11 0.448417 0.435937 0.062134 0.080208
11 0.385404 0.438542 0.059203 0.072917
11 0.379836 0.509375 0.067995 0.077083
11 0.443728 0.509375 0.059789 0.070833
