8 0.360938 0.524306 0.051562 0.098611
8 0.399609 0.414583 0.050781 0.068056
8 0.425000 0.453472 0.051562 0.081944
8 0.467969 0.442361 0.043750 0.070833
8 0.537891 0.422222 0.044531 0.075000
8 0.504297 0.498611 0.049219 0.100000
13 0.561719 0.417361 0.040625 0.131944
13 0.570312 0.720139 0.059375 0.087500
13 0.619531 0.718056 0.056250 0.083333
14 0.466016 0.777778 0.069531 0.058333
14 0.415625 0.781250 0.046875 0.059722
23 0.233203 0.779167 0.061719 0.086111
23 0.276953 0.761111 0.044531 0.077778
26 0.047656 0.440278 0.045312 0.069444
