5 0.617388 0.659296 0.098106 0.157942
5 0.673884 0.526173 0.106901 0.128159
5 0.768945 0.424188 0.076455 0.131769
5 0.657307 0.344765 0.092693 0.158845
5 0.567997 0.503610 0.106225 0.135379
5 0.420839 0.670578 0.113667 0.138989
5 0.334574 0.606047 0.092693 0.139892
5 0.160352 0.650722 0.104195 0.140794
5 0.247970 0.501805 0.099459 0.124549
5 0.362991 0.493682 0.087280 0.137184
5 0.463802 0.495939 0.100812 0.141697
5 0.535859 0.354693 0.078484 0.115523
5 0.437754 0.368231 0.110961 0.117329
5 0.330514 0.391245 0.081867 0.109206
5 0.262855 0.329874 0.087280 0.112816
