25 0.905334 0.804688 0.070926 0.184375
25 0.835580 0.789583 0.052169 0.220833
25 0.794256 0.778125 0.071512 0.202083
25 0.742087 0.805208 0.046893 0.181250
25 0.687866 0.663021 0.043962 0.163542
26 0.960141 0.851042 0.037515 0.081250
26 0.936987 0.816146 0.036928 0.057292
26 0.976553 0.755729 0.038687 0.067708
26 0.876905 0.610938 0.045721 0.080208
26 0.980657 0.654167 0.036342 0.068750
11 0.931125 0.504687 0.035756 0.078125
11 0.897421 0.505208 0.030481 0.079167
11 0.864889 0.502604 0.033411 0.082292
11 0.834994 0.504687 0.035756 0.076042
11 0.757327 0.502083 0.036342 0.072917
13 0.857562 0.301563 0.046893 0.142708
13 0.807444 0.297396 0.048652 0.146875
13 0.757034 0.295312 0.050996 0.153125
13 0.801876 0.173437 0.060961 0.065625
13 0.742380 0.176563 0.048652 0.067708
23 0.711899 0.463021 0.039273 0.144792
23 0.672919 0.461458 0.037515 0.150000
23 0.630715 0.459896 0.043376 0.146875
23 0.589097 0.458333 0.036342 0.143750
23 0.548945 0.457813 0.039273 0.138542
23 0.510844 0.456250 0.039273 0.139583
23 0.470106 0.454167 0.043376 0.135417
23 0.435522 0.448958 0.037515 0.145833
11 0.709555 0.330729 0.034584 0.067708
11 0.677315 0.331771 0.032239 0.067708
11 0.643025 0.327083 0.035170 0.068750
11 0.611958 0.327604 0.032825 0.069792
10 0.560961 0.643229 0.044549 0.069792
10 0.549824 0.736979 0.046893 0.090625
10 0.569461 0.710417 0.034584 0.083333
10 0.563306 0.844271 0.050410 0.098958
10 0.512603 0.845833 0.050996 0.089583
10 0.461020 0.847396 0.054513 0.090625
10 0.504396 0.732292 0.046307 0.077083
10 0.508792 0.626563 0.044549 0.084375
10 0.463365 0.629687 0.047479 0.073958
10 0.453986 0.732812 0.054513 0.069792
10 0.439332 0.603646 0.032239 0.055208
13 0.910317 0.259375 0.043376 0.045833
13 0.349941 0.590625 0.077374 0.127083
13 0.282532 0.582812 0.058617 0.111458
13 0.230950 0.595313 0.052755 0.123958
13 0.177315 0.594792 0.052169 0.120833
13 0.132181 0.570312 0.059203 0.132292
13 0.355217 0.818750 0.056272 0.145833
13 0.299238 0.823438 0.056858 0.140625
13 0.250000 0.813021 0.069754 0.155208
13 0.193435 0.805208 0.053927 0.156250
13 0.138335 0.796875 0.065651 0.170833
13 0.082649 0.804167 0.059789 0.152083
13 0.034291 0.803646 0.045135 0.142708
13 0.035756 0.625000 0.064478 0.143750
13 0.083529 0.585938 0.039273 0.098958
6 0.404748 0.479687 0.038101 0.092708
6 0.361372 0.473438 0.041618 0.082292
25 0.707503 0.657813 0.036342 0.140625
25 0.727726 0.654687 0.032239 0.092708
25 0.756741 0.641667 0.026964 0.104167
26 0.947831 0.701042 0.041032 0.056250
