11 0.307151 0.443229 0.026964 0.055208
11 0.337632 0.456771 0.029308 0.055208
11 0.373095 0.456250 0.026377 0.045833
11 0.418816 0.494792 0.021688 0.054167
11 0.450176 0.513021 0.035170 0.055208
11 0.477433 0.469271 0.025205 0.059375
6 0.512309 0.489583 0.042204 0.083333
6 0.567995 0.447396 0.038687 0.076042
6 0.535756 0.459375 0.041032 0.081250
2 0.330598 0.855208 0.055100 0.110417
2 0.382474 0.898958 0.065064 0.141667
2 0.428488 0.949479 0.063306 0.101042
2 0.500586 0.957812 0.086753 0.084375
2 0.499707 0.845313 0.076788 0.094792
2 0.401231 0.796875 0.053341 0.097917
2 0.358148 0.758333 0.049238 0.062500
2 0.437866 0.670833 0.059789 0.075000
2 0.451934 0.744271 0.067995 0.065625
2 0.510258 0.719271 0.056858 0.067708
2 0.516706 0.788542 0.072098 0.077083
2 0.565358 0.776563 0.056858 0.094792
33 0.631301 0.741667 0.077374 0.164583
33 0.645955 0.709375 0.078546 0.143750
33 0.577960 0.566667 0.057444 0.118750
33 0.630422 0.612500 0.050996 0.097917
33 0.679953 0.693229 0.046893 0.153125
33 0.584115 0.412500 0.055686 0.110417
0 0.720399 0.452604 0.042204 0.069792
0 0.759965 0.563021 0.039273 0.069792
0 0.776671 0.536979 0.037515 0.063542
0 0.800996 0.510938 0.028722 0.078125
0 0.725674 0.519271 0.042204 0.063542
5 0.674971 0.483854 0.033411 0.063542
5 0.636577 0.523958 0.033998 0.068750
5 0.621336 0.530729 0.033998 0.069792
5 0.710434 0.598958 0.037515 0.064583
5 0.727140 0.644792 0.022860 0.039583
5 0.740328 0.622917 0.021102 0.045833
5 0.726260 0.557813 0.039859 0.061458
5 0.674678 0.578646 0.032825 0.065625
8 0.714537 0.206250 0.029308 0.041667
8 0.727726 0.243750 0.026377 0.054167
8 0.674971 0.211979 0.029894 0.044792
8 0.693728 0.255208 0.035756 0.056250
10 0.702227 0.378125 0.019930 0.047917
10 0.719812 0.363542 0.016413 0.050000
10 0.730950 0.357812 0.012896 0.042708
10 0.753810 0.345833 0.016413 0.035417
10 0.760551 0.333333 0.014654 0.047917
19 0.329426 0.751563 0.080891 0.234375
19 0.313892 0.734896 0.079132 0.240625
19 0.281360 0.708333 0.098476 0.168750
19 0.255275 0.685417 0.093200 0.183333
19 0.223623 0.681250 0.083822 0.168750
19 0.196366 0.639062 0.082063 0.151042
19 0.178488 0.637500 0.070926 0.147917
19 0.175264 0.602083 0.067995 0.118750
