23 0.132767 0.446354 0.056858 0.159375
23 0.193728 0.456250 0.045135 0.160417
23 0.233880 0.456250 0.046893 0.154167
23 0.282825 0.454688 0.050996 0.159375
23 0.334115 0.458854 0.050410 0.161458
23 0.381008 0.457813 0.044549 0.153125
23 0.427608 0.461458 0.043962 0.154167
23 0.470985 0.466667 0.047479 0.143750
23 0.517585 0.464583 0.045721 0.158333
12 0.570340 0.463542 0.055100 0.170833
12 0.639508 0.463542 0.071512 0.168750
12 0.696659 0.258333 0.063892 0.183333
12 0.627491 0.255208 0.065064 0.175000
12 0.556565 0.256771 0.069754 0.182292
12 0.503224 0.259375 0.060375 0.177083
18 0.458382 0.293229 0.046893 0.103125
18 0.413247 0.290625 0.043376 0.104167
18 0.368406 0.288021 0.049824 0.103125
18 0.401231 0.193750 0.047479 0.085417
18 0.356682 0.202083 0.041618 0.083333
18 0.277843 0.184896 0.049238 0.096875
18 0.231829 0.188021 0.045135 0.090625
18 0.194607 0.280729 0.051583 0.101042
18 0.238863 0.284375 0.040445 0.104167
22 0.719519 0.482812 0.026377 0.115625
22 0.744725 0.486458 0.025205 0.106250
22 0.776671 0.491667 0.039859 0.127083
13 0.837925 0.239583 0.066237 0.129167
29 0.763775 0.795312 0.065651 0.323958
29 0.711606 0.784375 0.084408 0.295833
29 0.656213 0.783333 0.082649 0.281250
29 0.544256 0.757812 0.055686 0.319792
12 0.481243 0.864062 0.079719 0.167708
12 0.398886 0.864583 0.076788 0.152083
12 0.329132 0.855208 0.063892 0.177083
12 0.273154 0.853125 0.064478 0.170833
12 0.203400 0.843750 0.073857 0.183333
12 0.133939 0.844792 0.077960 0.187500
12 0.158851 0.688021 0.072685 0.126042
12 0.296307 0.680208 0.056858 0.093750
12 0.484467 0.591146 0.066237 0.063542
12 0.424385 0.586458 0.053927 0.070833
12 0.179953 0.573438 0.066823 0.061458
25 0.084701 0.832292 0.070926 0.191667
25 0.031067 0.838542 0.060961 0.193750
