6 0.280774 0.315104 0.033998 0.105208
6 0.319461 0.337500 0.032825 0.097917
6 0.344666 0.340625 0.031653 0.102083
6 0.399472 0.390625 0.027550 0.118750
6 0.446366 0.394271 0.052169 0.123958
6 0.487984 0.392708 0.034584 0.110417
6 0.516706 0.368750 0.042790 0.085417
6 0.596424 0.351042 0.027550 0.091667
8 0.402696 0.903125 0.072685 0.143750
8 0.349648 0.848437 0.074443 0.134375
8 0.412954 0.772396 0.068581 0.123958
8 0.354045 0.720833 0.070340 0.137500
8 0.376905 0.599479 0.062134 0.121875
8 0.304513 0.789583 0.053341 0.131250
8 0.277843 0.743229 0.065651 0.117708
8 0.320926 0.639583 0.049824 0.104167
8 0.295428 0.602083 0.045721 0.091667
8 0.337046 0.539583 0.059789 0.104167
8 0.429660 0.542188 0.049238 0.061458
8 0.426143 0.604688 0.039859 0.082292
8 0.388921 0.521354 0.043962 0.061458
23 0.722743 0.271354 0.023447 0.086458
23 0.739742 0.263542 0.017585 0.093750
23 0.754396 0.256771 0.015240 0.088542
10 0.670574 0.190625 0.023447 0.052083
10 0.686987 0.187500 0.014068 0.050000
10 0.702227 0.185938 0.019930 0.040625
10 0.714537 0.185938 0.018757 0.040625
13 0.718347 0.391667 0.066237 0.093750
13 0.740621 0.370312 0.063892 0.055208
13 0.786928 0.494271 0.028722 0.073958
32 0.468640 0.878646 0.083822 0.217708
32 0.509086 0.834375 0.082649 0.208333
32 0.552169 0.797917 0.076202 0.172917
32 0.590563 0.759896 0.072098 0.161458
32 0.460727 0.679167 0.082063 0.154167
32 0.504103 0.653646 0.062134 0.115625
32 0.542497 0.631250 0.069754 0.129167
33 0.623974 0.710938 0.060375 0.153125
33 0.587632 0.608854 0.052169 0.132292
33 0.611079 0.565104 0.045135 0.103125
33 0.646542 0.678646 0.058617 0.123958
33 0.671747 0.660417 0.041032 0.116667
33 0.695780 0.631771 0.037515 0.126042
33 0.713072 0.606250 0.029894 0.125000
33 0.669695 0.516146 0.056858 0.094792
33 0.654162 0.539062 0.057444 0.101042
33 0.628370 0.449479 0.035170 0.080208
33 0.610785 0.461979 0.038687 0.078125
33 0.582943 0.476562 0.049824 0.073958
33 0.556272 0.501563 0.057444 0.088542
33 0.526377 0.521354 0.058617 0.088542
