19 0.284584 0.533854 0.067409 0.357292
19 0.317409 0.505208 0.026377 0.389583
19 0.351993 0.508333 0.034584 0.379167
19 0.378957 0.516146 0.028722 0.367708
19 0.398886 0.519271 0.015826 0.371875
19 0.416764 0.550521 0.019930 0.373958
19 0.444021 0.509896 0.049824 0.378125
19 0.475967 0.486979 0.022274 0.342708
19 0.514654 0.471875 0.025791 0.335417
19 0.566237 0.524479 0.026964 0.361458
19 0.591149 0.497917 0.025205 0.370833
19 0.606975 0.533854 0.021688 0.336458
19 0.652989 0.534896 0.039859 0.330208
