8 0.171931 0.144452 0.129061 0.110284
8 0.299188 0.156631 0.116426 0.100812
8 0.277076 0.230379 0.108303 0.068336
19 0.499549 0.116712 0.044224 0.218539
19 0.539711 0.114005 0.050542 0.188769
19 0.569043 0.101827 0.076715 0.182003
19 0.619134 0.093369 0.039711 0.175913
19 0.476083 0.105548 0.058664 0.167794
25 0.883574 0.506766 0.101083 0.113667
25 0.907040 0.569689 0.182310 0.089310
25 0.765794 0.481055 0.112816 0.129905
25 0.350632 0.769283 0.168773 0.110961
25 0.280235 0.780108 0.092960 0.097429
25 0.437726 0.571042 0.063177 0.081191
31 0.768953 0.961096 0.113718 0.053451
31 0.804152 0.850135 0.093863 0.064276
