10 0.312923 0.641245 0.083221 0.116426
10 0.398850 0.628159 0.079161 0.119134
10 0.493234 0.615975 0.074425 0.105596
10 0.460419 0.501354 0.069689 0.103791
10 0.517253 0.493682 0.065629 0.102888
10 0.686062 0.302347 0.067659 0.090253
10 0.617388 0.292419 0.072395 0.097473
10 0.552436 0.294675 0.071042 0.107401
10 0.485453 0.303249 0.065629 0.092058
10 0.424560 0.294224 0.079161 0.115523
10 0.357916 0.288809 0.067659 0.104693
10 0.305819 0.308213 0.087957 0.101986
10 0.198579 0.319043 0.098106 0.098375
10 0.119080 0.316336 0.082544 0.116426
