19 0.309202 0.693592 0.033829 0.201264
19 0.325101 0.686372 0.026387 0.197653
19 0.341001 0.678249 0.021651 0.203069
19 0.358593 0.686372 0.020298 0.204874
19 0.374493 0.686823 0.025034 0.189531
19 0.390392 0.691787 0.020298 0.188628
19 0.405954 0.686823 0.020298 0.191336
19 0.423545 0.683664 0.021651 0.197653
19 0.438769 0.686372 0.020974 0.183213
19 0.456360 0.679603 0.018268 0.203971
19 0.473613 0.678249 0.017591 0.206679
19 0.491204 0.680054 0.023004 0.203069
19 0.509472 0.677798 0.018945 0.202166
19 0.529770 0.680505 0.024357 0.202166
19 0.554804 0.673736 0.032476 0.190433
19 0.572057 0.669675 0.027740 0.198556
19 0.596414 0.677347 0.023681 0.190433
19 0.619080 0.673736 0.033829 0.194043
23 0.207375 0.484206 0.050744 0.107401
23 0.250000 0.484657 0.045332 0.111913
23 0.296346 0.483755 0.046008 0.110108
23 0.342693 0.483755 0.048038 0.110108
23 0.391407 0.482401 0.043978 0.109206
23 0.430988 0.484657 0.051421 0.104693
23 0.480379 0.482852 0.035183 0.101083
23 0.519283 0.481047 0.045332 0.110108
23 0.563599 0.483303 0.040595 0.103791
23 0.607916 0.481949 0.045332 0.108303
23 0.651556 0.485108 0.044655 0.103791
23 0.698579 0.478339 0.046685 0.111913
23 0.745264 0.481949 0.043978 0.102888
23 0.789919 0.486011 0.049391 0.101986
23 0.725304 0.362816 0.039242 0.095668
23 0.682341 0.362365 0.042625 0.091155
13 0.912720 0.730596 0.062246 0.109206
13 0.972936 0.726986 0.054127 0.123646
17 0.830853 0.467058 0.031123 0.038809
17 0.866373 0.469765 0.038566 0.040614
17 0.901218 0.493231 0.035183 0.040614
17 0.932341 0.506318 0.036536 0.041516
7 0.883288 0.363267 0.030447 0.058664
7 0.855548 0.347924 0.025034 0.051444
29 0.584235 0.320397 0.048038 0.173285
29 0.547361 0.325361 0.047361 0.170578
29 0.516915 0.322653 0.035183 0.174188
29 0.482747 0.325812 0.034506 0.167870
29 0.439783 0.316336 0.047361 0.152527
29 0.408322 0.325361 0.035859 0.163357
29 0.372124 0.325361 0.037889 0.166968
29 0.332206 0.326264 0.047361 0.165162
9 0.173884 0.340704 0.064953 0.071300
9 0.132950 0.352437 0.052097 0.094765
9 0.125846 0.485560 0.075778 0.081227
9 0.081529 0.476083 0.058863 0.087545
25 0.257781 0.701715 0.059540 0.166968
25 0.218200 0.712545 0.081867 0.156137
25 0.132273 0.710289 0.080514 0.140794
25 0.088972 0.679152 0.085927 0.141697
25 0.053451 0.697202 0.073072 0.168773
25 0.177605 0.728791 0.054804 0.129061
38 0.845061 0.673736 0.040595 0.156137
38 0.807848 0.675090 0.041949 0.148014
38 0.792963 0.688177 0.041949 0.148917
38 0.743911 0.680505 0.048038 0.148014
38 0.676590 0.694495 0.035183 0.157942
38 0.714817 0.689079 0.045332 0.145307
38 0.730717 0.697202 0.050068 0.141697
38 0.653924 0.689079 0.045332 0.159747
