10 0.393099 0.465253 0.051421 0.049639
10 0.442490 0.457130 0.050068 0.049639
10 0.424899 0.434567 0.031123 0.047834
10 0.489175 0.441336 0.040595 0.059567
10 0.532815 0.428700 0.038566 0.059567
10 0.574763 0.417870 0.041272 0.055957
10 0.641746 0.403881 0.038566 0.049639
10 0.671854 0.392148 0.037889 0.062274
10 0.596414 0.398014 0.029093 0.041516
6 0.720568 0.496390 0.043302 0.045126
6 0.749662 0.487365 0.041949 0.045126
6 0.782476 0.468412 0.027740 0.034296
6 0.817321 0.464350 0.041949 0.024368
6 0.820365 0.518953 0.050744 0.032491
6 0.868403 0.551895 0.034506 0.055054
6 0.758796 0.542870 0.046685 0.040614
6 0.730379 0.551444 0.049391 0.045126
6 0.775372 0.602888 0.044655 0.039711
6 0.684371 0.627708 0.037212 0.040614
6 0.682003 0.575812 0.036536 0.046931
6 0.545332 0.546029 0.060893 0.045126
6 0.612652 0.604242 0.046685 0.062274
6 0.596076 0.666516 0.040595 0.056859
6 0.514208 0.646209 0.056834 0.050542
6 0.552774 0.684567 0.043302 0.051444
6 0.437415 0.593412 0.060217 0.053249
6 0.402233 0.689079 0.065629 0.047834
40 0.339986 0.322202 0.031800 0.050542
40 0.369418 0.319043 0.032476 0.046029
40 0.405954 0.303700 0.027064 0.047834
40 0.439107 0.311372 0.028417 0.046931
40 0.470230 0.306859 0.033829 0.045126
40 0.581867 0.293773 0.023004 0.044224
40 0.607916 0.287455 0.018268 0.037004
40 0.664750 0.279783 0.018268 0.036101
40 0.686739 0.280235 0.014885 0.040614
6 0.639716 0.505866 0.049391 0.040614
