13 0.274033 0.366146 0.052169 0.103125
13 0.319754 0.357812 0.043962 0.111458
13 0.289859 0.633854 0.039273 0.101042
13 0.332943 0.628125 0.043376 0.114583
13 0.370750 0.604167 0.046307 0.112500
13 0.414420 0.592708 0.048066 0.112500
13 0.451055 0.618229 0.042790 0.109375
13 0.509965 0.604167 0.049238 0.097917
13 0.547773 0.591667 0.054513 0.108333
13 0.600821 0.583333 0.055100 0.108333
13 0.640094 0.608333 0.039859 0.116667
13 0.684642 0.491667 0.049238 0.122917
13 0.741794 0.471875 0.053341 0.077083
13 0.672333 0.800521 0.046893 0.134375
13 0.620457 0.816146 0.052169 0.117708
13 0.565358 0.810937 0.053341 0.117708
13 0.507913 0.822917 0.056858 0.116667
13 0.452227 0.818750 0.053341 0.127083
13 0.398593 0.820312 0.052755 0.136458
13 0.345545 0.829688 0.052169 0.128125
13 0.294549 0.832292 0.056858 0.122917
25 0.247948 0.803646 0.058617 0.161458
25 0.201055 0.806250 0.062134 0.170833
25 0.161782 0.823438 0.069168 0.169792
25 0.117819 0.808854 0.058617 0.182292
25 0.069461 0.810937 0.063892 0.196875
25 0.022274 0.793229 0.039859 0.155208
23 0.277550 0.510417 0.050996 0.120833
23 0.316823 0.504167 0.042790 0.108333
23 0.357268 0.500521 0.039273 0.101042
23 0.395955 0.491667 0.035756 0.091667
23 0.433177 0.497396 0.035170 0.092708
23 0.469812 0.505729 0.039273 0.117708
23 0.506155 0.496875 0.041618 0.087500
27 0.366061 0.354167 0.052169 0.116667
27 0.419402 0.350000 0.054513 0.125000
27 0.468640 0.351562 0.043962 0.128125
27 0.511723 0.349479 0.051583 0.119792
27 0.557737 0.351562 0.046307 0.123958
27 0.605217 0.342187 0.050996 0.132292
32 0.857268 0.327083 0.046307 0.095833
27 0.883646 0.786458 0.068581 0.156250
27 0.946659 0.785417 0.060961 0.143750
25 0.741208 0.636458 0.046307 0.104167
25 0.752931 0.773958 0.058030 0.193750
25 0.774033 0.604167 0.021688 0.102083
