13 0.704330 0.180505 0.110961 0.117329
13 0.494587 0.189079 0.123139 0.129061
13 0.725304 0.259928 0.101488 0.048736
19 0.654263 0.793773 0.043302 0.347473
19 0.635318 0.801895 0.058187 0.338448
19 0.604195 0.781137 0.069012 0.338448
19 0.595399 0.792870 0.067659 0.316787
19 0.547023 0.829874 0.065629 0.320397
19 0.509811 0.845217 0.080514 0.309567
19 0.353518 0.745939 0.048038 0.376354
19 0.326793 0.781588 0.037889 0.389892
19 0.265223 0.745487 0.035183 0.341155
19 0.244926 0.791065 0.059540 0.405235
19 0.207375 0.796931 0.045332 0.406137
19 0.164073 0.784296 0.037212 0.418773
