0 0.128077 0.321875 0.055686 0.056250
0 0.181419 0.321354 0.055686 0.057292
0 0.233001 0.311979 0.047479 0.063542
0 0.203693 0.281250 0.042790 0.058333
0 0.158851 0.288542 0.049238 0.037500
0 0.189625 0.394792 0.065064 0.102083
0 0.133060 0.378646 0.060961 0.076042
0 0.115768 0.424479 0.049824 0.067708
0 0.158558 0.435937 0.046307 0.046875
0 0.218640 0.425521 0.053927 0.055208
0 0.064478 0.547917 0.058617 0.070833
0 0.052169 0.600521 0.072685 0.076042
0 0.132181 0.607812 0.062720 0.051042
0 0.138042 0.643229 0.061547 0.032292
0 0.076788 0.643229 0.064478 0.040625
7 0.436108 0.601562 0.039859 0.094792
7 0.443435 0.567708 0.041618 0.095833
7 0.472743 0.620833 0.028722 0.058333
7 0.511430 0.609375 0.052169 0.081250
7 0.564185 0.583333 0.043962 0.083333
7 0.600234 0.585938 0.033998 0.080208
7 0.647421 0.565625 0.049824 0.062500
7 0.675850 0.550521 0.044549 0.086458
7 0.706917 0.381250 0.035170 0.083333
7 0.677608 0.372396 0.032825 0.094792
7 0.663834 0.404167 0.039273 0.083333
7 0.730657 0.609375 0.049824 0.089583
7 0.759086 0.604167 0.051583 0.093750
