25 0.154297 0.681944 0.058594 0.055556
25 0.147656 0.715972 0.062500 0.040278
25 0.238672 0.673611 0.055469 0.097222
25 0.389844 0.661111 0.090625 0.063889
25 0.503906 0.656250 0.085938 0.056944
25 0.560156 0.641667 0.084375 0.050000
27 0.367578 0.462500 0.055469 0.080556
27 0.437109 0.440278 0.049219 0.100000
13 0.495312 0.422222 0.040625 0.111111
13 0.540625 0.430556 0.054688 0.122222
12 0.737891 0.682639 0.061719 0.106944
25 0.840234 0.632639 0.080469 0.045833
25 0.891406 0.649306 0.032813 0.037500
