15 0.082943 0.245833 0.019343 0.029167
15 0.063306 0.246875 0.018757 0.035417
15 0.043962 0.246875 0.019930 0.033333
15 0.022274 0.250000 0.019930 0.035417
15 0.028429 0.176563 0.018171 0.028125
15 0.112837 0.236979 0.015826 0.021875
15 0.119285 0.259896 0.014654 0.023958
15 0.106096 0.287500 0.017585 0.027083
15 0.120457 0.282292 0.015826 0.022917
15 0.138335 0.280729 0.015240 0.023958
1 0.405920 0.258333 0.048652 0.097917
1 0.456331 0.257292 0.049824 0.097917
1 0.490035 0.243750 0.024619 0.125000
1 0.525498 0.244792 0.040445 0.100000
1 0.546600 0.238021 0.038101 0.092708
1 0.589097 0.235417 0.025791 0.087500
1 0.568288 0.385937 0.042790 0.092708
1 0.577667 0.373437 0.042790 0.096875
1 0.594373 0.368750 0.037515 0.091667
1 0.618113 0.358333 0.031067 0.095833
13 0.533705 0.377083 0.053341 0.147917
13 0.497655 0.403646 0.064478 0.142708
31 0.618406 0.553125 0.075029 0.091667
31 0.561841 0.586979 0.073271 0.071875
31 0.599355 0.648438 0.042790 0.073958
29 0.699883 0.520833 0.043376 0.118750
29 0.683470 0.525521 0.052755 0.113542
13 0.560375 0.740625 0.046893 0.204167
13 0.526084 0.796875 0.061547 0.197917
13 0.438159 0.866146 0.115475 0.261458
25 0.379250 0.831771 0.064478 0.236458
25 0.346131 0.809896 0.059203 0.240625
25 0.321805 0.779687 0.052755 0.230208
25 0.292204 0.763021 0.046307 0.201042
25 0.278429 0.732292 0.059789 0.208333
13 0.297186 0.530208 0.082063 0.152083
13 0.258792 0.512500 0.067409 0.125000
13 0.237104 0.686458 0.058030 0.202083
11 0.359613 0.431250 0.038101 0.050000
11 0.334408 0.409896 0.029894 0.061458
11 0.309203 0.408333 0.028722 0.064583
11 0.289859 0.397917 0.029894 0.072917
6 0.184349 0.662500 0.024033 0.112500
6 0.148300 0.633854 0.021102 0.101042
6 0.135404 0.613542 0.018757 0.106250
6 0.119285 0.601562 0.021688 0.098958
