2 0.907972 0.491146 0.042204 0.113542
2 0.864009 0.491667 0.042204 0.112500
2 0.819754 0.493750 0.043962 0.108333
2 0.776377 0.496875 0.041618 0.104167
2 0.731243 0.489583 0.038101 0.110417
2 0.698417 0.499479 0.040445 0.105208
2 0.774326 0.341146 0.042204 0.080208
2 0.807737 0.327604 0.039859 0.088542
2 0.724209 0.320833 0.041618 0.093750
2 0.692263 0.335417 0.042204 0.085417
2 0.832063 0.211458 0.045135 0.068750
2 0.787222 0.207292 0.043376 0.075000
2 0.747948 0.204687 0.043376 0.080208
2 0.694314 0.198437 0.032239 0.084375
2 0.708675 0.666667 0.052755 0.104167
2 0.735346 0.647396 0.045135 0.119792
2 0.797186 0.673438 0.062134 0.117708
2 0.847890 0.669792 0.049824 0.112500
2 0.897421 0.668229 0.055100 0.111458
2 0.906213 0.641146 0.041032 0.111458
2 0.863716 0.643229 0.042790 0.115625
