21 0.254736 0.413357 0.089986 0.090253
21 0.410690 0.410199 0.106901 0.101986
10 0.462111 0.241877 0.052774 0.070397
10 0.537889 0.247744 0.058187 0.065884
10 0.489513 0.173285 0.054804 0.059567
2 0.808525 0.726986 0.085250 0.101986
2 0.781461 0.647112 0.085250 0.090253
2 0.607578 0.565433 0.069012 0.055054
2 0.630920 0.764440 0.089986 0.077617
2 0.700609 0.693592 0.083221 0.055054
2 0.675237 0.573556 0.077131 0.056859
6 0.321719 0.776625 0.065629 0.092960
6 0.382273 0.719765 0.078484 0.056859
6 0.502706 0.649368 0.051421 0.076715
6 0.442490 0.600632 0.055480 0.094765
6 0.375846 0.534296 0.064276 0.050542
6 0.552097 0.565433 0.044655 0.078520
6 0.511164 0.563628 0.037212 0.076715
6 0.550744 0.687274 0.055480 0.085740
6 0.473951 0.740523 0.048038 0.073105
21 0.578823 0.409747 0.060217 0.075812
21 0.820027 0.401173 0.067659 0.082130
21 0.882273 0.405235 0.071719 0.072202
