32 0.214537 0.823958 0.107855 0.145833
32 0.251172 0.751563 0.087339 0.134375
32 0.296893 0.893750 0.093200 0.141667
32 0.328253 0.794271 0.097304 0.134375
32 0.263775 0.650000 0.092614 0.093750
32 0.353751 0.697917 0.100234 0.141667
32 0.390387 0.614583 0.083236 0.091667
32 0.309789 0.587500 0.092028 0.089583
32 0.324443 0.519792 0.083822 0.083333
32 0.410610 0.531250 0.086166 0.081250
32 0.337046 0.457292 0.082063 0.083333
32 0.468347 0.099479 0.075029 0.105208
32 0.495897 0.059375 0.059789 0.091667
32 0.564771 0.095312 0.067409 0.078125
8 0.380715 0.260417 0.060375 0.066667
8 0.433177 0.295833 0.067995 0.089583
8 0.484467 0.324479 0.050996 0.055208
9 0.422333 0.214583 0.076788 0.097917
9 0.490621 0.257292 0.067995 0.108333
9 0.451641 0.154688 0.075615 0.088542
9 0.514947 0.204167 0.066237 0.104167
33 0.599648 0.315625 0.065651 0.129167
33 0.658851 0.353646 0.066823 0.146875
33 0.785170 0.390104 0.115475 0.182292
33 0.623681 0.429167 0.092614 0.102083
19 0.656800 0.742708 0.152989 0.100000
19 0.715123 0.717187 0.152403 0.055208
