19 0.370457 0.783333 0.026964 0.333333
19 0.393904 0.786458 0.029308 0.316667
19 0.424091 0.763021 0.021688 0.328125
19 0.447245 0.783854 0.024619 0.328125
19 0.470985 0.772917 0.022860 0.312500
19 0.302462 0.789583 0.042204 0.312500
34 0.468347 0.515104 0.037515 0.076042
34 0.430246 0.519271 0.043376 0.080208
34 0.388042 0.517708 0.039859 0.083333
34 0.345252 0.520833 0.045721 0.075000
34 0.303634 0.517708 0.041032 0.075000
34 0.260844 0.519271 0.045721 0.073958
34 0.213951 0.515625 0.046893 0.079167
26 0.176143 0.518750 0.055686 0.058333
26 0.161782 0.467708 0.046893 0.087500
6 0.098769 0.467708 0.045135 0.108333
22 0.065358 0.456250 0.029894 0.097917
13 0.194900 0.654687 0.075615 0.155208
13 0.121630 0.650000 0.072098 0.168750
13 0.199297 0.901042 0.072685 0.143750
13 0.128957 0.903125 0.065651 0.156250
13 0.060668 0.888021 0.081477 0.148958
13 0.058030 0.629167 0.079719 0.118750
13 0.342907 0.818229 0.029308 0.321875
23 0.507327 0.474479 0.050996 0.157292
23 0.559496 0.477083 0.053341 0.170833
23 0.606389 0.471354 0.046307 0.169792
23 0.655627 0.477083 0.046307 0.175000
23 0.702521 0.475521 0.045135 0.173958
23 0.754982 0.477083 0.049238 0.170833
23 0.802169 0.472396 0.048652 0.171875
23 0.851993 0.469792 0.054513 0.158333
23 0.906506 0.475521 0.049824 0.169792
23 0.957210 0.474479 0.049238 0.171875
27 0.861079 0.273438 0.080891 0.146875
27 0.828546 0.176563 0.077960 0.094792
13 0.541618 0.659896 0.066823 0.163542
13 0.609613 0.677604 0.066823 0.182292
13 0.680539 0.754687 0.075029 0.190625
13 0.752052 0.731771 0.067995 0.196875
13 0.820047 0.746875 0.064478 0.185417
13 0.876612 0.667708 0.081477 0.170833
11 0.595545 0.314583 0.042204 0.089583
11 0.637456 0.314583 0.041618 0.097917
11 0.677315 0.317188 0.040445 0.082292
11 0.631301 0.227604 0.039859 0.088542
11 0.712778 0.315104 0.036342 0.088542
11 0.794842 0.313021 0.042204 0.094792
11 0.837632 0.312500 0.041032 0.095833
19 0.343200 0.816146 0.032239 0.321875
13 0.833529 0.913542 0.066823 0.147917
13 0.914127 0.895833 0.070926 0.177083
13 0.762309 0.906771 0.073271 0.151042
13 0.699004 0.918229 0.063892 0.134375
13 0.522567 0.910417 0.068581 0.141667
