26 0.321219 0.360417 0.030481 0.075000
26 0.339097 0.363542 0.021688 0.062500
26 0.356975 0.376042 0.026964 0.085417
26 0.372509 0.385417 0.032239 0.089583
26 0.409437 0.407292 0.032239 0.089583
15 0.439918 0.357812 0.045135 0.069792
15 0.454572 0.424479 0.053341 0.096875
15 0.512309 0.398958 0.049238 0.079167
10 0.519050 0.878646 0.052169 0.107292
10 0.565944 0.809375 0.046307 0.102083
10 0.601407 0.766667 0.045721 0.085417
10 0.629836 0.719792 0.041618 0.064583
10 0.658265 0.683333 0.033998 0.072917
10 0.534584 0.697917 0.036342 0.083333
10 0.572685 0.672396 0.036342 0.076042
10 0.531946 0.558333 0.038101 0.068750
10 0.570926 0.541667 0.033998 0.068750
10 0.619578 0.600521 0.035170 0.065625
10 0.596424 0.532292 0.034584 0.079167
10 0.625733 0.575000 0.031067 0.064583
19 0.643318 0.539062 0.127198 0.201042
19 0.661196 0.522917 0.117233 0.187500
19 0.673505 0.512500 0.120750 0.179167
19 0.683177 0.496875 0.122509 0.181250
19 0.698710 0.483333 0.118406 0.164583
19 0.707503 0.471875 0.097304 0.164583
19 0.721864 0.462500 0.096717 0.160417
19 0.731829 0.459375 0.087339 0.162500
19 0.740621 0.447917 0.086166 0.160417
9 0.549824 0.217708 0.043376 0.108333
9 0.574736 0.214062 0.038101 0.101042
9 0.604338 0.204167 0.037515 0.093750
9 0.627784 0.201563 0.032825 0.090625
9 0.640680 0.196354 0.035170 0.078125
9 0.595838 0.128646 0.032239 0.065625
9 0.570633 0.134375 0.034584 0.052083
12 0.671161 0.178125 0.026964 0.108333
12 0.686987 0.172917 0.019930 0.112500
12 0.706917 0.165625 0.022274 0.110417
12 0.727433 0.169792 0.018757 0.114583
26 0.604338 0.367708 0.030481 0.058333
