10 0.408999 0.598827 0.069689 0.071300
10 0.367050 0.498646 0.068336 0.067690
10 0.338972 0.590253 0.051421 0.077617
10 0.288227 0.587545 0.051421 0.077617
10 0.228687 0.592960 0.056834 0.070397
10 0.148850 0.590704 0.067659 0.074910
35 0.158660 0.361011 0.050744 0.070397
35 0.221922 0.351534 0.048714 0.058664
35 0.314614 0.363718 0.044655 0.054152
35 0.375169 0.357852 0.064276 0.058664
35 0.476658 0.353339 0.050744 0.073105
35 0.547700 0.333935 0.041272 0.066787
35 0.601488 0.348827 0.044655 0.067690
35 0.702300 0.358303 0.050068 0.055957
35 0.753383 0.363267 0.049391 0.053249
35 0.625507 0.323556 0.049391 0.069495
35 0.911028 0.263087 0.050744 0.067690
35 0.864682 0.269404 0.047361 0.056859
35 0.666103 0.265794 0.039919 0.058664
35 0.625846 0.259928 0.047361 0.055957
35 0.321042 0.282040 0.072395 0.055054
35 0.170501 0.274368 0.059540 0.052347
35 0.426928 0.338448 0.046008 0.061372
10 0.207713 0.709386 0.063599 0.083032
35 0.783491 0.335289 0.037889 0.056859
