27 0.184936 0.567708 0.067409 0.166667
27 0.155334 0.528646 0.058617 0.146875
27 0.118992 0.513021 0.053927 0.146875
27 0.213658 0.465104 0.067409 0.117708
4 0.230950 0.604167 0.052755 0.214583
4 0.253810 0.622917 0.060961 0.214583
4 0.281067 0.631250 0.062720 0.218750
4 0.324443 0.559896 0.079132 0.157292
4 0.312427 0.678646 0.091442 0.196875
18 0.404748 0.369792 0.046307 0.100000
18 0.445487 0.378646 0.041032 0.078125
18 0.350528 0.346354 0.043376 0.071875
6 0.503224 0.821875 0.050996 0.158333
6 0.520516 0.781250 0.053927 0.135417
6 0.553927 0.769271 0.046893 0.117708
6 0.506155 0.655208 0.048652 0.141667
6 0.535170 0.614583 0.056272 0.102083
6 0.573857 0.731771 0.053927 0.123958
6 0.604631 0.695833 0.049824 0.102083
6 0.626319 0.667708 0.054513 0.091667
6 0.583236 0.573958 0.051583 0.083333
6 0.525205 0.519792 0.043376 0.070833
6 0.552169 0.486458 0.048066 0.083333
6 0.580012 0.470313 0.036928 0.063542
6 0.637749 0.526042 0.029308 0.085417
6 0.670574 0.605208 0.033998 0.091667
6 0.693142 0.572917 0.035756 0.064583
6 0.597890 0.458333 0.031653 0.070833
9 0.531653 0.172917 0.053927 0.102083
9 0.563013 0.156771 0.052169 0.107292
9 0.585580 0.157292 0.046893 0.102083
9 0.613423 0.153125 0.043962 0.100000
9 0.640973 0.145313 0.038101 0.086458
9 0.627784 0.079687 0.037515 0.048958
9 0.648300 0.080729 0.023447 0.048958
9 0.685522 0.139583 0.039273 0.075000
9 0.707796 0.134375 0.040445 0.068750
9 0.725088 0.131250 0.028136 0.054167
19 0.746776 0.398438 0.104338 0.157292
19 0.761430 0.380208 0.092614 0.152083
19 0.771395 0.366667 0.090270 0.152083
19 0.783998 0.354167 0.083822 0.139583
19 0.793669 0.334375 0.080891 0.118750
19 0.804220 0.326562 0.083236 0.115625
19 0.820926 0.311979 0.077960 0.103125
28 0.452814 0.711458 0.055686 0.410417
28 0.408851 0.693229 0.047479 0.405208
28 0.343200 0.649479 0.095545 0.292708
