31 0.720568 0.814531 0.092016 0.212094
31 0.766576 0.760830 0.093369 0.205776
31 0.821380 0.696300 0.087957 0.170578
31 0.872463 0.671480 0.085927 0.171480
31 0.914073 0.595668 0.069012 0.140794
35 0.659337 0.898917 0.038566 0.099278
35 0.609608 0.895307 0.060893 0.111913
35 0.571380 0.838899 0.057510 0.112816
35 0.523681 0.804603 0.070365 0.116426
35 0.472936 0.744134 0.067659 0.103791
35 0.581529 0.666968 0.062923 0.092058
35 0.637009 0.754513 0.052097 0.070397
35 0.592693 0.745487 0.043302 0.074007
35 0.494249 0.510379 0.030447 0.073105
19 0.192828 0.387635 0.056834 0.157942
19 0.205007 0.401173 0.050068 0.141697
19 0.214817 0.428700 0.065629 0.120939
19 0.231394 0.454874 0.070365 0.135379
19 0.254398 0.460289 0.073072 0.138989
19 0.269621 0.482852 0.073748 0.124549
25 0.296346 0.513538 0.058187 0.128159
25 0.306834 0.518502 0.035859 0.118231
25 0.331191 0.522112 0.035859 0.141697
25 0.371786 0.564079 0.042625 0.160650
25 0.450271 0.467960 0.041272 0.089350
25 0.358254 0.411101 0.058863 0.071300
8 0.355210 0.265343 0.047361 0.059567
8 0.318674 0.246841 0.046008 0.062274
8 0.326793 0.296480 0.032476 0.053249
38 0.268268 0.098827 0.026387 0.145307
36 0.543640 0.394856 0.065629 0.109206
36 0.609946 0.421931 0.064276 0.105596
35 0.521651 0.529783 0.036536 0.055957
35 0.564276 0.555505 0.048714 0.062274
35 0.503383 0.628610 0.043302 0.062274
35 0.536536 0.657040 0.043302 0.086643
35 0.454330 0.634477 0.050744 0.068592
