10 0.512184 0.131935 0.082130 0.067659
10 0.411101 0.163396 0.100181 0.084574
10 0.491877 0.178620 0.099278 0.079838
10 0.385830 0.277402 0.114621 0.093369
10 0.539260 0.327131 0.094765 0.098106
10 0.612365 0.312923 0.074910 0.094046
10 0.744585 0.360961 0.099278 0.073748
10 0.739170 0.453992 0.095668 0.094723
10 0.594765 0.484100 0.117329 0.083221
10 0.385379 0.372801 0.117329 0.079838
10 0.439079 0.447903 0.139892 0.105548
10 0.409296 0.537212 0.125451 0.092016
10 0.595668 0.605548 0.113718 0.094723
