0 0.211020 0.495833 0.057444 0.095833
0 0.280188 0.377604 0.046893 0.076042
0 0.182298 0.584896 0.044549 0.067708
9 0.334701 0.622917 0.042204 0.110417
9 0.368699 0.620833 0.037515 0.118750
9 0.347011 0.530729 0.032825 0.076042
9 0.378077 0.525521 0.036342 0.080208
9 0.380422 0.231250 0.042204 0.104167
9 0.432005 0.231771 0.039859 0.107292
9 0.468640 0.236458 0.035756 0.104167
9 0.450469 0.161979 0.029894 0.057292
9 0.480950 0.170833 0.031067 0.066667
23 0.383060 0.353646 0.043962 0.111458
10 0.419988 0.647917 0.040445 0.066667
10 0.461020 0.650521 0.039273 0.067708
10 0.502931 0.654687 0.038687 0.057292
10 0.420868 0.571875 0.033998 0.058333
10 0.446952 0.557813 0.026377 0.053125
10 0.468054 0.572396 0.034584 0.055208
10 0.504396 0.565625 0.035756 0.060417
10 0.455451 0.495833 0.029308 0.050000
10 0.502638 0.502604 0.033411 0.053125
10 0.521688 0.492188 0.019930 0.055208
10 0.582063 0.254688 0.032825 0.053125
10 0.551290 0.251042 0.028722 0.039583
10 0.556272 0.206250 0.017585 0.043750
10 0.424091 0.501563 0.027550 0.053125
13 0.460434 0.359896 0.038101 0.119792
13 0.497069 0.361979 0.037515 0.115625
13 0.536635 0.357812 0.042790 0.105208
13 0.578546 0.360417 0.044549 0.108333
13 0.620750 0.359375 0.038687 0.110417
19 0.634525 0.558333 0.034584 0.233333
19 0.646835 0.539583 0.042790 0.200000
19 0.658851 0.556771 0.041032 0.236458
19 0.679367 0.547396 0.045721 0.209375
19 0.695193 0.548958 0.045721 0.222917
19 0.723329 0.548438 0.050410 0.219792
19 0.773154 0.550521 0.059789 0.228125
19 0.793376 0.552604 0.059203 0.223958
19 0.809789 0.550000 0.061547 0.220833
19 0.822978 0.553646 0.056272 0.230208
19 0.839097 0.553646 0.054513 0.228125
6 0.649472 0.378646 0.024619 0.078125
6 0.673505 0.376042 0.023447 0.091667
6 0.696952 0.378125 0.025791 0.083333
6 0.723036 0.376042 0.028722 0.079167
6 0.800996 0.375521 0.031067 0.084375
6 0.830012 0.371875 0.023447 0.075000
6 0.859027 0.365625 0.029894 0.062500
27 0.615182 0.235937 0.045135 0.107292
27 0.656800 0.239063 0.038101 0.096875
27 0.692849 0.235937 0.036342 0.090625
27 0.729484 0.232292 0.039273 0.095833
27 0.766999 0.235937 0.038101 0.096875
27 0.805100 0.231250 0.045135 0.104167
27 0.850234 0.236979 0.042790 0.107292
27 0.891852 0.231771 0.042790 0.094792
27 0.641559 0.142708 0.048652 0.085417
27 0.682884 0.135417 0.039859 0.083333
27 0.723623 0.133854 0.039273 0.094792
27 0.763189 0.139063 0.049238 0.086458
27 0.804513 0.135417 0.047479 0.075000
27 0.846424 0.139063 0.050410 0.090625
27 0.580598 0.180729 0.040445 0.086458
27 0.895076 0.501563 0.067995 0.101042
27 0.942849 0.468229 0.062720 0.117708
27 0.893318 0.634375 0.063306 0.118750
27 0.955451 0.636979 0.058617 0.109375
27 0.864302 0.422917 0.055686 0.062500
