10 0.421516 0.517599 0.050068 0.056859
10 0.470568 0.512635 0.046685 0.055957
10 0.505413 0.511733 0.043302 0.052347
10 0.424899 0.603339 0.046008 0.060469
10 0.487483 0.601986 0.046685 0.063177
10 0.537889 0.585740 0.048714 0.063177
10 0.486468 0.682310 0.046008 0.070397
10 0.534844 0.683664 0.043978 0.074910
10 0.572733 0.673285 0.043978 0.061372
11 0.569689 0.392599 0.029770 0.037906
11 0.552097 0.376354 0.025710 0.039711
11 0.587618 0.373646 0.029093 0.036101
11 0.625846 0.389440 0.028417 0.038809
34 0.655954 0.388538 0.027740 0.033394
34 0.620433 0.320397 0.031123 0.034296
11 0.558525 0.320397 0.035859 0.036101
35 0.807172 0.468863 0.035183 0.042419
35 0.844384 0.495036 0.028417 0.047834
35 0.873816 0.486462 0.031800 0.050542
35 0.865359 0.593863 0.051421 0.057762
35 0.904939 0.560018 0.045332 0.040614
35 0.916779 0.604693 0.043302 0.043321
6 0.923207 0.529332 0.034506 0.049639
6 0.941475 0.514440 0.046685 0.052347
40 0.086942 0.394404 0.035859 0.074007
40 0.162382 0.405235 0.037889 0.046931
21 0.219892 0.400722 0.047361 0.083032
21 0.311908 0.402978 0.105548 0.056859
21 0.375507 0.400271 0.060893 0.058664
43 0.282138 0.536101 0.077131 0.059567
43 0.336265 0.622744 0.078484 0.077617
43 0.377876 0.715704 0.085927 0.075812
