13 0.290595 0.730596 0.081867 0.163357
13 0.237821 0.714350 0.065629 0.170578
13 0.198917 0.681408 0.060893 0.144404
13 0.156631 0.659747 0.053451 0.135379
13 0.122463 0.642599 0.046008 0.140794
13 0.083221 0.616877 0.040595 0.132671
13 0.052097 0.600632 0.044655 0.136282
13 0.261502 0.581227 0.057510 0.064982
13 0.219553 0.572653 0.048038 0.067690
13 0.179296 0.548736 0.037889 0.050542
13 0.279432 0.527978 0.046008 0.050542
10 0.376184 0.497292 0.047361 0.055957
10 0.415426 0.513538 0.056834 0.057762
10 0.444181 0.481047 0.035859 0.059567
10 0.526725 0.485560 0.039919 0.057762
10 0.502030 0.475632 0.035183 0.048736
35 0.329161 0.760379 0.061570 0.076715
35 0.368742 0.773466 0.056834 0.070397
35 0.418133 0.787906 0.062246 0.072202
35 0.469553 0.794675 0.046008 0.080325
35 0.370771 0.696300 0.063599 0.065884
35 0.420162 0.712996 0.048714 0.074007
35 0.466509 0.712545 0.043978 0.060469
35 0.237145 0.441787 0.034506 0.071300
35 0.260149 0.446300 0.043978 0.060469
35 0.280447 0.460740 0.042625 0.060469
35 0.311231 0.468863 0.033829 0.071300
35 0.336265 0.460289 0.028417 0.048736
35 0.513532 0.768051 0.074425 0.066787
35 0.430650 0.639892 0.046685 0.061372
35 0.460081 0.585740 0.043302 0.048736
35 0.475981 0.634477 0.053451 0.046931
35 0.559540 0.750903 0.059540 0.063177
35 0.589310 0.724729 0.064953 0.055957
35 0.618065 0.720217 0.062923 0.061372
35 0.559202 0.664711 0.068336 0.055054
35 0.553112 0.571751 0.045332 0.040614
35 0.529770 0.605596 0.054127 0.037906
11 0.562585 0.482852 0.042625 0.055957
11 0.579499 0.473375 0.033153 0.049639
11 0.607240 0.466606 0.037212 0.052347
11 0.624831 0.461643 0.033153 0.040614
11 0.643099 0.452617 0.031800 0.046029
11 0.655277 0.447653 0.025034 0.048736
11 0.671177 0.440884 0.025710 0.049639
11 0.689445 0.436372 0.028417 0.042419
11 0.704330 0.427798 0.023004 0.039711
11 0.721922 0.422383 0.020298 0.039711
11 0.737145 0.416968 0.023681 0.036101
11 0.749323 0.411552 0.020974 0.036101
11 0.764885 0.407942 0.019621 0.036101
11 0.777064 0.404332 0.016915 0.036101
11 0.789581 0.397563 0.016238 0.035199
11 0.800406 0.392599 0.014885 0.036101
11 0.813599 0.390343 0.015562 0.033394
11 0.732747 0.378610 0.031123 0.027978
11 0.750000 0.374097 0.025034 0.031588
11 0.763194 0.369585 0.024357 0.024368
11 0.775710 0.365072 0.023681 0.027978
11 0.788227 0.361011 0.023004 0.027076
11 0.799391 0.358303 0.020974 0.023466
6 0.532815 0.314982 0.033153 0.061372
6 0.553112 0.303249 0.030447 0.050542
6 0.568674 0.295126 0.034506 0.048736
6 0.601827 0.293321 0.026387 0.050542
6 0.616712 0.287004 0.030447 0.050542
6 0.632273 0.290614 0.023681 0.046931
6 0.664073 0.285650 0.023681 0.042419
6 0.686401 0.283845 0.027740 0.044224
6 0.718539 0.280235 0.029770 0.040614
6 0.550068 0.356047 0.025710 0.035199
6 0.569012 0.346570 0.024357 0.037906
6 0.588972 0.342058 0.020974 0.037906
6 0.602165 0.339801 0.023004 0.033394
6 0.624831 0.337996 0.026387 0.035199
6 0.642422 0.333935 0.025034 0.037906
10 0.595399 0.583935 0.032476 0.057762
10 0.606901 0.612365 0.027064 0.033394
10 0.635995 0.639892 0.041949 0.057762
10 0.625846 0.566336 0.032476 0.060469
10 0.654939 0.574910 0.031123 0.052347
10 0.678958 0.651625 0.045332 0.052347
10 0.701962 0.646661 0.042625 0.056859
10 0.681326 0.562274 0.028417 0.046931
10 0.700947 0.547383 0.028417 0.047834
10 0.714479 0.544675 0.017591 0.049639
10 0.736468 0.533394 0.029093 0.045126
10 0.730041 0.621390 0.036536 0.042419
10 0.746279 0.606498 0.024357 0.052347
10 0.761840 0.600181 0.029770 0.048736
10 0.780108 0.589801 0.031123 0.044224
10 0.669824 0.529332 0.028417 0.029783
10 0.698579 0.505866 0.018268 0.022563
0 0.733762 0.503610 0.045332 0.043321
0 0.751353 0.493682 0.041272 0.046931
0 0.770974 0.482401 0.039919 0.040614
0 0.790257 0.472473 0.039242 0.046029
0 0.804804 0.462094 0.035859 0.048736
0 0.763194 0.545578 0.032476 0.040614
0 0.775710 0.528430 0.027740 0.026173
0 0.797361 0.509477 0.034506 0.027978
0 0.819012 0.500903 0.025034 0.019856
0 0.832882 0.490072 0.024357 0.023466
0 0.810555 0.552798 0.046008 0.058664
0 0.824087 0.541516 0.046008 0.048736
0 0.843708 0.528881 0.044655 0.046931
0 0.861299 0.519404 0.041949 0.049639
0 0.870771 0.508574 0.043302 0.047834
0 0.813938 0.602888 0.039242 0.037906
0 0.841001 0.590253 0.023004 0.041516
0 0.857916 0.571300 0.029770 0.037906
8 0.823748 0.453971 0.027740 0.041516
8 0.840325 0.447653 0.031123 0.036101
8 0.873139 0.443141 0.034506 0.043321
8 0.887009 0.493682 0.033829 0.045126
8 0.898512 0.483755 0.031123 0.043321
8 0.913058 0.473375 0.034506 0.046029
