26 0.722157 0.560417 0.077374 0.110417
26 0.809496 0.564063 0.075029 0.109375
26 0.334994 0.257812 0.041618 0.069792
26 0.357855 0.201042 0.049824 0.083333
26 0.383060 0.255729 0.049824 0.078125
26 0.419988 0.261458 0.039273 0.085417
26 0.482415 0.209896 0.043376 0.090625
26 0.461020 0.265104 0.039273 0.073958
26 0.510258 0.258333 0.038101 0.079167
6 0.481243 0.436458 0.058617 0.087500
6 0.431125 0.438021 0.035756 0.082292
6 0.387456 0.442708 0.045721 0.079167
6 0.461020 0.564583 0.039273 0.072917
6 0.515240 0.568750 0.048066 0.089583
6 0.531360 0.687500 0.045135 0.112500
6 0.494725 0.696354 0.039859 0.119792
