0 0.914073 0.504964 0.089310 0.087545
0 0.944181 0.601083 0.099459 0.140794
0 0.827131 0.631318 0.092693 0.121841
0 0.917118 0.722473 0.092693 0.129061
0 0.811570 0.532942 0.092693 0.091155
1 0.579838 0.263087 0.062246 0.132671
1 0.552436 0.245939 0.060217 0.112816
10 0.552436 0.680054 0.073748 0.083935
10 0.574763 0.649819 0.069689 0.079422
10 0.486130 0.662455 0.054804 0.101083
10 0.500000 0.604693 0.055480 0.057762
10 0.506089 0.743231 0.037889 0.064079
10 0.541610 0.842960 0.073748 0.119134
10 0.586265 0.796480 0.068336 0.087545
10 0.601827 0.753610 0.046685 0.068592
10 0.600812 0.926444 0.079838 0.087545
10 0.627876 0.894404 0.056834 0.068592
10 0.529093 0.962094 0.075778 0.075812
10 0.448579 0.960289 0.071719 0.079422
10 0.413058 0.917870 0.062923 0.106498
10 0.465832 0.814079 0.071042 0.122744
10 0.378214 0.839350 0.069012 0.090253
10 0.415765 0.763538 0.068336 0.110108
10 0.357578 0.774819 0.056157 0.055054
10 0.402233 0.680957 0.069689 0.074910
18 0.748985 0.249549 0.050068 0.083935
18 0.777064 0.228339 0.048038 0.086643
18 0.712788 0.254061 0.034506 0.091155
18 0.676928 0.239170 0.035859 0.075812
24 0.831867 0.386733 0.062923 0.130866
24 0.771313 0.392148 0.063599 0.145307
24 0.728011 0.399819 0.069012 0.146209
24 0.691475 0.412004 0.074425 0.159747
23 0.328146 0.652076 0.054127 0.134477
23 0.349797 0.689079 0.066306 0.141697
23 0.398512 0.551895 0.035183 0.100181
23 0.417794 0.588448 0.039919 0.099278
23 0.461096 0.496390 0.031800 0.072202
23 0.486130 0.531588 0.039919 0.074007
23 0.447903 0.593412 0.035183 0.101986
6 0.466509 0.379964 0.057510 0.061372
6 0.441813 0.359657 0.036536 0.073105
6 0.413396 0.332130 0.032476 0.064982
6 0.405954 0.316336 0.043302 0.069495
6 0.395129 0.300542 0.040595 0.066787
6 0.362314 0.282491 0.030447 0.054152
6 0.357240 0.268502 0.036536 0.044224
31 0.239851 0.375903 0.052097 0.105596
