10 0.558863 0.431859 0.058187 0.067690
10 0.612314 0.433213 0.046008 0.059567
10 0.661028 0.435469 0.060893 0.051444
10 0.691813 0.413809 0.043978 0.060469
10 0.769283 0.428249 0.050068 0.056859
10 0.735453 0.355596 0.051421 0.052347
10 0.785183 0.353339 0.052097 0.055054
10 0.845737 0.353791 0.051421 0.048736
10 0.899865 0.421480 0.051421 0.050542
10 0.845061 0.421029 0.050068 0.069495
10 0.803789 0.419675 0.046008 0.054152
3 0.884641 0.248646 0.077808 0.101986
3 0.797023 0.267599 0.092016 0.069495
3 0.620771 0.266697 0.081867 0.083935
3 0.451286 0.268051 0.092016 0.102888
6 0.222598 0.300090 0.047361 0.056859
6 0.260149 0.293773 0.035859 0.064079
6 0.390731 0.284747 0.030447 0.078520
18 0.386671 0.441787 0.049391 0.069495
18 0.428281 0.429603 0.047361 0.061372
18 0.350135 0.429152 0.050744 0.062274
18 0.313599 0.444043 0.052097 0.074007
