25 0.088448 0.197903 0.171480 0.237483
25 0.152076 0.177943 0.219314 0.181326
25 0.278430 0.148512 0.195848 0.149526
25 0.263538 0.184371 0.148014 0.148173
25 0.215704 0.344384 0.279783 0.092016
25 0.112365 0.451962 0.221119 0.120433
25 0.125000 0.495264 0.248195 0.097429
31 0.652978 0.102842 0.174188 0.119080
31 0.639440 0.195535 0.168773 0.110961
31 0.670126 0.296685 0.150722 0.089986
31 0.600632 0.667118 0.123646 0.092016
31 0.593863 0.575778 0.092058 0.106901
31 0.566336 0.794317 0.121841 0.113667
31 0.634477 0.892760 0.153430 0.095399
32 0.745036 0.680988 0.157942 0.076455
32 0.738267 0.755074 0.158845 0.092016
9 0.737816 0.570365 0.199458 0.079838
