10 0.380244 0.259025 0.032476 0.041516
10 0.338972 0.258123 0.028417 0.034296
19 0.338633 0.532040 0.049391 0.147112
19 0.327131 0.513989 0.041272 0.147112
19 0.308187 0.517148 0.039919 0.151625
19 0.289919 0.521661 0.031800 0.122744
19 0.271313 0.516245 0.037889 0.113718
13 0.380244 0.484206 0.044655 0.105596
13 0.406631 0.496841 0.035183 0.112816
13 0.436062 0.520758 0.054804 0.129964
13 0.479026 0.533394 0.067659 0.142599
13 0.529093 0.551895 0.085250 0.152527
13 0.446888 0.413357 0.045332 0.079422
13 0.477673 0.426444 0.043302 0.069495
13 0.522666 0.427798 0.049391 0.084838
13 0.574425 0.448105 0.073072 0.092960
13 0.347091 0.590704 0.031123 0.123646
13 0.359608 0.616877 0.033153 0.109206
13 0.393099 0.646209 0.046008 0.120939
13 0.431664 0.668321 0.043302 0.121841
13 0.480041 0.698105 0.048038 0.134477
13 0.528755 0.733755 0.054804 0.148014
13 0.565291 0.768953 0.049391 0.153430
13 0.583221 0.587996 0.074425 0.136282
13 0.634641 0.601986 0.081191 0.153430
13 0.696211 0.630415 0.077131 0.179603
13 0.781800 0.658394 0.111637 0.199458
13 0.675575 0.838899 0.100812 0.206679
13 0.777402 0.896209 0.104195 0.207581
13 0.889039 0.907942 0.117727 0.184116
13 0.888363 0.470668 0.078484 0.172383
13 0.551083 0.360560 0.057510 0.071300
13 0.597091 0.367329 0.041272 0.093863
13 0.502706 0.358755 0.037889 0.065884
13 0.677943 0.470217 0.064953 0.095668
9 0.513870 0.171931 0.041272 0.069495
9 0.544655 0.249097 0.035183 0.084838
32 0.598444 0.263989 0.038566 0.103791
32 0.625169 0.181859 0.050068 0.073105
15 0.898850 0.154783 0.020974 0.022563
15 0.919824 0.107852 0.018268 0.026173
15 0.863667 0.122744 0.020974 0.027076
15 0.899865 0.114170 0.023004 0.022563
15 0.939107 0.180957 0.020298 0.026173
15 0.918471 0.185469 0.016915 0.024368
15 0.919147 0.147563 0.018268 0.024368
15 0.973613 0.142599 0.021651 0.019856
15 0.960419 0.181859 0.018268 0.020758
15 0.956698 0.216606 0.016238 0.023466
