2 0.348444 0.563177 0.101488 0.122744
2 0.281461 0.527076 0.071719 0.075812
2 0.250338 0.601083 0.078484 0.110108
2 0.331191 0.650722 0.083221 0.104693
2 0.449594 0.516697 0.092693 0.101986
2 0.486468 0.473375 0.087957 0.067690
2 0.463126 0.696751 0.114344 0.095668
2 0.567997 0.451264 0.073748 0.079422
2 0.508796 0.623195 0.087957 0.065884
2 0.584574 0.674188 0.062246 0.072202
2 0.623478 0.500451 0.056157 0.071300
2 0.635995 0.425542 0.059540 0.082130
5 0.637348 0.268502 0.056834 0.098375
5 0.718200 0.326715 0.071042 0.095668
5 0.667794 0.219765 0.052774 0.087545
5 0.583221 0.188177 0.054127 0.096570
5 0.623816 0.166516 0.059540 0.092960
5 0.714479 0.252256 0.040595 0.060469
5 0.755751 0.217509 0.062246 0.059567
5 0.676252 0.075812 0.053451 0.075812
5 0.685047 0.164260 0.054804 0.083032
5 0.640392 0.113267 0.062923 0.083935
10 0.765562 0.055957 0.034506 0.052347
