19 0.078069 0.419824 0.060469 0.402571
19 0.162455 0.350812 0.119134 0.252368
19 0.300542 0.367050 0.146209 0.229364
0 0.161552 0.537212 0.200361 0.150203
0 0.279783 0.514547 0.151625 0.112991
4 0.348375 0.388024 0.066787 0.213126
4 0.602888 0.788227 0.079422 0.200271
4 0.658845 0.785521 0.054152 0.209743
4 0.707130 0.797361 0.053249 0.188769
4 0.744134 0.800744 0.051444 0.180650
4 0.718412 0.648512 0.129964 0.083221
4 0.731047 0.546685 0.180505 0.055480
14 0.555054 0.339310 0.074007 0.119756
14 0.570848 0.081529 0.091155 0.072395
14 0.574910 0.188092 0.102888 0.096076
14 0.731047 0.094046 0.075812 0.062246
