4 0.426172 0.619444 0.030469 0.119444
4 0.444531 0.615972 0.032813 0.120833
4 0.482422 0.608333 0.072656 0.102778
4 0.414453 0.645833 0.028906 0.108333
10 0.341016 0.684028 0.044531 0.065278
10 0.373437 0.672222 0.035937 0.069444
27 0.291016 0.374306 0.050781 0.118056
2 0.342578 0.397222 0.047656 0.058333
2 0.220312 0.433333 0.035937 0.050000
2 0.179297 0.429167 0.041406 0.069444
22 0.244922 0.638194 0.030469 0.098611
22 0.198828 0.645139 0.030469 0.090278
22 0.221875 0.639583 0.017188 0.098611
22 0.175391 0.657639 0.025781 0.068056
22 0.272656 0.626389 0.031250 0.094444
36 0.391406 0.402778 0.046875 0.097222
36 0.438672 0.402778 0.044531 0.097222
23 0.485938 0.402778 0.035937 0.091667
23 0.518750 0.393056 0.037500 0.108333
13 0.566797 0.401389 0.049219 0.122222
13 0.650391 0.385417 0.044531 0.134722
14 0.635547 0.634722 0.035156 0.108333
14 0.667969 0.621528 0.037500 0.118056
29 0.678906 0.349306 0.042188 0.179167
20 0.726562 0.325694 0.043750 0.229167
20 0.705078 0.328472 0.047656 0.234722
25 0.732812 0.534028 0.075000 0.079167
