33 0.740528 0.523917 0.092693 0.156137
33 0.811231 0.659747 0.094723 0.146209
33 0.859608 0.625451 0.084574 0.140794
33 0.792287 0.505866 0.064953 0.132671
33 0.839986 0.484657 0.073748 0.119134
33 0.909337 0.597022 0.077131 0.147112
33 0.953992 0.573556 0.077131 0.132671
33 0.908660 0.421480 0.092016 0.146209
25 0.758796 0.705325 0.125169 0.114621
25 0.698917 0.720217 0.128552 0.144404
25 0.611976 0.749097 0.118403 0.191336
25 0.532815 0.732401 0.096752 0.199458
25 0.721922 0.587996 0.116373 0.145307
25 0.665426 0.568592 0.123816 0.104693
25 0.594046 0.558664 0.086604 0.113718
25 0.470568 0.689531 0.066982 0.171480
25 0.514547 0.512635 0.062923 0.088448
25 0.492558 0.498195 0.071719 0.117329
25 0.384303 0.568141 0.046008 0.130866
25 0.447226 0.629964 0.059540 0.135379
8 0.813599 0.277527 0.065629 0.064079
8 0.841340 0.328069 0.049391 0.071300
8 0.759811 0.293773 0.055480 0.080325
8 0.799053 0.346570 0.050068 0.068592
8 0.712788 0.304603 0.064276 0.069495
8 0.694858 0.365523 0.071719 0.092058
8 0.629229 0.380415 0.074425 0.087545
8 0.637009 0.310921 0.072395 0.067690
8 0.571380 0.297834 0.056157 0.070397
8 0.572733 0.370036 0.056157 0.083032
31 0.488836 0.292419 0.058863 0.102888
19 0.388701 0.477437 0.069689 0.144404
19 0.353180 0.425090 0.079838 0.155235
19 0.322395 0.398466 0.066982 0.139892
19 0.281123 0.330776 0.041272 0.118231
19 0.308187 0.372292 0.062923 0.125451
