0 0.278516 0.541667 0.074219 0.094444
0 0.254297 0.626389 0.067969 0.083333
0 0.331250 0.625694 0.071875 0.087500
0 0.401562 0.625694 0.064062 0.079167
0 0.386719 0.570139 0.064062 0.065278
0 0.397266 0.525000 0.055469 0.055556
0 0.338281 0.515972 0.060937 0.059722
0 0.326953 0.565278 0.060156 0.077778
2 0.232422 0.291667 0.066406 0.072222
2 0.300781 0.304167 0.054688 0.041667
2 0.353516 0.277778 0.033594 0.063889
2 0.387500 0.286806 0.037500 0.076389
4 0.558594 0.293056 0.037500 0.088889
4 0.598047 0.289583 0.049219 0.073611
19 0.517578 0.602778 0.057031 0.147222
19 0.544141 0.611111 0.053906 0.147222
25 0.630469 0.500000 0.112500 0.080556
25 0.653125 0.559028 0.128125 0.062500
25 0.650781 0.596528 0.118750 0.043056
25 0.649219 0.621528 0.121875 0.048611
20 0.770703 0.527083 0.069531 0.151389
20 0.750000 0.545833 0.062500 0.138889
