33 0.553634 0.311458 0.040445 0.085417
33 0.597597 0.279687 0.040445 0.065625
33 0.631887 0.281771 0.031653 0.067708
33 0.557151 0.166667 0.024033 0.039583
19 0.420868 0.318229 0.015240 0.073958
19 0.456331 0.318229 0.024033 0.088542
19 0.480070 0.298958 0.024619 0.089583
19 0.516120 0.317708 0.027550 0.091667
19 0.361665 0.829688 0.036342 0.332292
19 0.323564 0.825000 0.037515 0.341667
19 0.397421 0.822396 0.031653 0.355208
19 0.428488 0.821875 0.028136 0.356250
19 0.449590 0.838021 0.025791 0.323958
19 0.483587 0.841146 0.042204 0.317708
19 0.527550 0.861979 0.079719 0.276042
19 0.559789 0.825521 0.096131 0.294792
19 0.572392 0.748437 0.117819 0.323958
19 0.636870 0.732812 0.116647 0.373958
19 0.695487 0.783333 0.110785 0.381250
19 0.769050 0.738021 0.073857 0.346875
19 0.837632 0.769792 0.118406 0.347917
19 0.923212 0.743229 0.153576 0.340625
