19 0.165006 0.585938 0.097890 0.159375
19 0.172040 0.613542 0.101407 0.183333
19 0.181125 0.621875 0.109027 0.189583
19 0.199004 0.617188 0.110785 0.190625
6 0.189918 0.710938 0.035170 0.088542
6 0.208089 0.748958 0.024619 0.079167
6 0.232415 0.762500 0.038101 0.091667
6 0.265240 0.794271 0.033411 0.090625
6 0.237984 0.642188 0.026964 0.071875
6 0.261723 0.645833 0.032239 0.070833
6 0.290739 0.675521 0.030481 0.088542
6 0.317409 0.697396 0.028722 0.076042
19 0.345252 0.725521 0.043376 0.086458
19 0.399472 0.640104 0.050996 0.088542
19 0.338804 0.588542 0.037515 0.064583
19 0.310668 0.577604 0.036342 0.061458
19 0.285170 0.563542 0.026377 0.043750
10 0.453400 0.660937 0.048652 0.076042
10 0.504396 0.662500 0.040445 0.087500
10 0.381301 0.750000 0.039273 0.083333
10 0.408558 0.804167 0.045721 0.091667
10 0.331770 0.859896 0.046893 0.103125
10 0.377198 0.898958 0.053341 0.120833
10 0.457796 0.811979 0.055100 0.103125
10 0.480363 0.644792 0.016999 0.054167
10 0.437280 0.634896 0.023447 0.076042
10 0.442849 0.944792 0.058030 0.110417
10 0.503224 0.956771 0.060375 0.086458
10 0.485053 0.906771 0.046307 0.061458
10 0.557444 0.937500 0.058617 0.120833
10 0.513189 0.828646 0.048652 0.090625
10 0.499414 0.766667 0.043376 0.079167
10 0.586753 0.888542 0.042204 0.077083
10 0.610199 0.855208 0.042204 0.077083
10 0.572978 0.753125 0.038101 0.072917
13 0.620457 0.757292 0.066237 0.168750
13 0.652696 0.719271 0.036928 0.165625
13 0.677608 0.684896 0.035170 0.165625
6 0.569754 0.438542 0.031653 0.091667
6 0.548359 0.452604 0.032239 0.078125
6 0.624853 0.421875 0.016413 0.068750
8 0.724209 0.503646 0.046307 0.071875
8 0.724502 0.562500 0.044549 0.068750
8 0.753224 0.573438 0.026964 0.078125
8 0.684936 0.505729 0.033411 0.057292
13 0.626905 0.244271 0.027550 0.134375
13 0.609613 0.246875 0.032825 0.127083
11 0.438453 0.497396 0.038687 0.061458
11 0.466882 0.484375 0.031067 0.066667
11 0.407093 0.488021 0.035756 0.059375
11 0.361372 0.465104 0.034584 0.065625
11 0.387749 0.448437 0.019343 0.059375
11 0.313599 0.448958 0.030481 0.056250
11 0.339097 0.452083 0.028722 0.062500
13 0.524033 0.600521 0.046893 0.103125
0 0.736811 0.434375 0.038687 0.068750
0 0.783411 0.517708 0.032239 0.058333
0 0.758206 0.436458 0.025205 0.062500
0 0.794549 0.433854 0.029894 0.057292
0 0.795135 0.495833 0.028722 0.062500
0 0.805686 0.420312 0.026377 0.053125
6 0.682005 0.266146 0.012309 0.038542
6 0.668523 0.269271 0.019343 0.044792
10 0.418523 0.736979 0.043376 0.069792
10 0.532825 0.729688 0.041032 0.048958
37 0.507034 0.483854 0.044549 0.084375
37 0.526671 0.464062 0.060375 0.078125
