32 0.685386 0.322653 0.093369 0.154332
32 0.618742 0.288809 0.094046 0.166065
32 0.661367 0.134477 0.131935 0.122744
31 0.445873 0.818141 0.156969 0.150722
31 0.334574 0.571300 0.068336 0.133574
31 0.347767 0.455776 0.089310 0.101083
31 0.416441 0.887635 0.061570 0.136282
5 0.097091 0.439531 0.108931 0.133574
5 0.132612 0.102888 0.094723 0.175090
5 0.115020 0.249549 0.123139 0.136282
5 0.075101 0.588448 0.135318 0.158845
5 0.065968 0.746841 0.114344 0.147112
5 0.060893 0.884477 0.102842 0.122744
5 0.047361 0.106498 0.071719 0.169675
19 0.569012 0.196751 0.094723 0.312274
19 0.523342 0.183213 0.039919 0.323105
36 0.695873 0.625903 0.160352 0.138087
36 0.691137 0.725632 0.142760 0.115523
36 0.674899 0.855596 0.126522 0.131769
38 0.855548 0.740072 0.033153 0.270758
38 0.894452 0.704874 0.035183 0.299639
38 0.824763 0.773466 0.037889 0.292419
38 0.778078 0.796480 0.027064 0.246390
