2 0.162500 0.701389 0.062500 0.052778
2 0.159375 0.760417 0.062500 0.062500
2 0.147266 0.818056 0.061719 0.052778
2 0.267578 0.779861 0.039844 0.073611
12 0.394141 0.452778 0.053906 0.077778
12 0.354297 0.463889 0.027344 0.116667
27 0.451953 0.476389 0.060156 0.108333
27 0.449219 0.399306 0.053125 0.068056
27 0.507812 0.421528 0.054688 0.068056
27 0.559375 0.487500 0.045312 0.105556
27 0.521484 0.714583 0.047656 0.090278
27 0.511719 0.636111 0.045312 0.063889
36 0.571094 0.627778 0.039062 0.086111
36 0.587500 0.735417 0.050000 0.104167
36 0.626563 0.718056 0.035937 0.094444
13 0.642188 0.659722 0.042188 0.113889
8 0.801172 0.432639 0.036719 0.059722
8 0.857031 0.452083 0.042188 0.056944
