11 0.212788 0.268953 0.042625 0.050542
11 0.269959 0.278881 0.059540 0.048736
11 0.293640 0.343412 0.040595 0.060469
11 0.258119 0.346570 0.042625 0.052347
11 0.214479 0.350632 0.047361 0.053249
11 0.336604 0.337996 0.048038 0.056859
11 0.375507 0.325361 0.043302 0.058664
11 0.423884 0.328069 0.046685 0.053249
11 0.412720 0.266245 0.041949 0.057762
11 0.369756 0.267148 0.043978 0.050542
11 0.330514 0.272112 0.041272 0.056859
37 0.153924 0.469765 0.075101 0.069495
37 0.123478 0.524368 0.072395 0.072202
37 0.185724 0.522112 0.084574 0.071300
26 0.261164 0.510830 0.060893 0.072202
26 0.243572 0.484206 0.052774 0.074910
26 0.383288 0.483303 0.048038 0.094765
26 0.421177 0.477437 0.045332 0.074007
6 0.470907 0.448105 0.054127 0.040614
6 0.543978 0.475632 0.044655 0.061372
6 0.585589 0.468863 0.046685 0.056859
18 0.674222 0.452617 0.039919 0.073105
18 0.723951 0.448556 0.055480 0.070397
18 0.760149 0.437726 0.049391 0.081227
18 0.800068 0.443592 0.041272 0.058664
18 0.819689 0.394404 0.042625 0.046931
18 0.905277 0.433664 0.043302 0.044224
34 0.696888 0.313628 0.040595 0.051444
34 0.749662 0.308213 0.036536 0.051444
34 0.789919 0.285650 0.033153 0.038809
34 0.818674 0.275271 0.028417 0.048736
34 0.801421 0.232401 0.035859 0.046029
34 0.754736 0.226534 0.035859 0.037906
34 0.685386 0.237816 0.029770 0.046029
34 0.718200 0.230596 0.029093 0.040614
34 0.688092 0.277076 0.033829 0.034296
10 0.395805 0.617780 0.055480 0.073105
10 0.361976 0.671029 0.062246 0.083935
10 0.342016 0.625000 0.057510 0.067690
10 0.420162 0.778881 0.071719 0.090253
10 0.410690 0.839801 0.071719 0.076715
10 0.348782 0.790162 0.065629 0.078520
10 0.300406 0.675542 0.059540 0.071300
10 0.226319 0.701264 0.068336 0.088448
10 0.230379 0.819495 0.076455 0.081227
10 0.229702 0.879964 0.080514 0.074007
10 0.293640 0.868231 0.058187 0.092058
10 0.284168 0.636733 0.058187 0.067690
10 0.228687 0.647563 0.055480 0.064079
