33 0.461606 0.222917 0.062720 0.166667
33 0.511723 0.211458 0.071512 0.170833
11 0.399472 0.287500 0.038101 0.072917
11 0.365475 0.277083 0.028722 0.060417
11 0.424091 0.279167 0.033411 0.060417
2 0.322392 0.422396 0.035170 0.088542
2 0.298652 0.402604 0.043962 0.094792
31 0.224795 0.598437 0.094373 0.098958
31 0.189332 0.701042 0.064478 0.118750
33 0.777550 0.535937 0.038101 0.101042
33 0.754396 0.466667 0.033998 0.083333
6 0.643904 0.390104 0.022860 0.059375
6 0.628957 0.406771 0.019930 0.055208
6 0.605510 0.411979 0.026964 0.071875
6 0.575029 0.419271 0.035170 0.082292
6 0.615768 0.790104 0.039273 0.109375
25 0.710434 0.618229 0.030481 0.136458
25 0.690504 0.630729 0.036342 0.138542
25 0.675850 0.675000 0.055100 0.120833
25 0.646542 0.686458 0.065651 0.152083
25 0.626026 0.702604 0.072685 0.171875
13 0.422040 0.901042 0.109027 0.197917
13 0.547186 0.828125 0.062720 0.247917
13 0.498242 0.872396 0.053927 0.255208
13 0.244138 0.748958 0.063892 0.235417
13 0.274619 0.785417 0.059203 0.227083
13 0.331477 0.863542 0.055686 0.272917
11 0.662954 0.348958 0.023447 0.037500
11 0.674678 0.380208 0.017585 0.039583
11 0.684936 0.481771 0.018171 0.032292
11 0.750586 0.597396 0.027550 0.032292
11 0.786635 0.321354 0.014068 0.032292
6 0.560082 0.254688 0.031067 0.080208
