2 0.200271 0.760379 0.050068 0.076715
2 0.177605 0.744134 0.038566 0.080325
2 0.152909 0.726986 0.044655 0.073105
2 0.137686 0.713899 0.041272 0.072202
2 0.227673 0.675993 0.034506 0.061372
2 0.187415 0.639892 0.032476 0.057762
2 0.166779 0.631769 0.037212 0.055957
2 0.214817 0.577166 0.027740 0.056859
2 0.235115 0.591606 0.029093 0.055054
2 0.259472 0.597022 0.031800 0.051444
29 0.250677 0.729693 0.084574 0.170578
29 0.286198 0.736462 0.086604 0.178700
29 0.321380 0.752256 0.090663 0.228339
29 0.350135 0.800993 0.073748 0.230144
29 0.412382 0.816336 0.053451 0.277076
29 0.490528 0.806859 0.078484 0.261733
29 0.551083 0.722473 0.107578 0.212094
4 0.659337 0.652978 0.062923 0.129061
4 0.666779 0.640794 0.064276 0.117329
4 0.664750 0.625451 0.072395 0.111913
4 0.676252 0.622292 0.053451 0.111011
5 0.716171 0.517599 0.034506 0.035199
5 0.751015 0.554152 0.032476 0.039711
5 0.699256 0.530235 0.033153 0.037004
5 0.675237 0.544675 0.035183 0.035199
5 0.723613 0.577166 0.037212 0.040614
5 0.726319 0.643953 0.030447 0.040614
5 0.787212 0.601083 0.037212 0.036101
39 0.511502 0.523466 0.036536 0.061372
39 0.538904 0.516697 0.037212 0.046029
39 0.554465 0.506318 0.034506 0.048736
39 0.576455 0.497292 0.037889 0.046931
39 0.610622 0.482401 0.025034 0.047834
36 0.650880 0.416065 0.032476 0.039711
36 0.675913 0.428249 0.039242 0.074910
36 0.702639 0.421480 0.042625 0.075812
