23 0.257812 0.419444 0.035937 0.097222
23 0.299219 0.420833 0.039062 0.100000
8 0.133594 0.655556 0.059375 0.102778
8 0.096484 0.742361 0.049219 0.084722
8 0.153125 0.729861 0.057813 0.093056
8 0.139844 0.589583 0.048438 0.054167
32 0.363672 0.671528 0.049219 0.115278
9 0.427344 0.656250 0.048438 0.090278
26 0.393359 0.443750 0.036719 0.068056
26 0.466406 0.388194 0.018750 0.037500
26 0.483203 0.427083 0.021094 0.068056
26 0.422656 0.390278 0.032813 0.061111
13 0.642578 0.398611 0.047656 0.127778
13 0.597266 0.397222 0.041406 0.125000
13 0.682031 0.395833 0.040625 0.122222
13 0.712500 0.393750 0.031250 0.115278
13 0.745703 0.390972 0.032031 0.120833
23 0.673828 0.633333 0.039844 0.102778
18 0.654687 0.663194 0.043750 0.073611
18 0.628125 0.641667 0.032813 0.061111
18 0.591797 0.622222 0.032031 0.066667
26 0.530469 0.436111 0.035937 0.055556
25 0.763281 0.523611 0.029687 0.055556
25 0.799609 0.556250 0.053906 0.034722
25 0.869141 0.541667 0.075781 0.027778
25 0.869922 0.570139 0.094531 0.051389
25 0.901172 0.513889 0.033594 0.100000
