13 0.174678 0.590104 0.072685 0.186458
13 0.138921 0.534375 0.066823 0.166667
8 0.399472 0.218750 0.046307 0.100000
8 0.449590 0.213021 0.059789 0.094792
8 0.415006 0.150521 0.056272 0.080208
8 0.381887 0.139583 0.047479 0.083333
8 0.517878 0.148438 0.043962 0.067708
8 0.521688 0.217188 0.049238 0.086458
8 0.551583 0.214583 0.036342 0.091667
8 0.581184 0.199479 0.042790 0.090625
13 0.455451 0.392708 0.070340 0.150000
13 0.512016 0.365104 0.070926 0.136458
13 0.550117 0.352083 0.060375 0.131250
13 0.609613 0.332292 0.055100 0.112500
13 0.588218 0.340104 0.066237 0.119792
8 0.584701 0.491146 0.041618 0.078125
8 0.625147 0.552604 0.046307 0.084375
8 0.668816 0.622917 0.052755 0.095833
25 0.609906 0.602083 0.110785 0.193750
25 0.586753 0.665625 0.083236 0.143750
25 0.565944 0.721354 0.110785 0.115625
25 0.538101 0.748958 0.114889 0.122917
25 0.510844 0.772396 0.126026 0.151042
25 0.477140 0.807813 0.126612 0.153125
25 0.432005 0.838542 0.123095 0.204167
25 0.353751 0.760938 0.039273 0.213542
25 0.320926 0.753125 0.066237 0.220833
25 0.294842 0.720313 0.043376 0.203125
25 0.257034 0.686458 0.046307 0.204167
25 0.223036 0.638021 0.047479 0.180208
25 0.210434 0.597917 0.055100 0.141667
25 0.320926 0.515104 0.048652 0.059375
35 0.357562 0.397396 0.046893 0.067708
35 0.415299 0.423438 0.034584 0.073958
35 0.268464 0.340104 0.025791 0.044792
35 0.290445 0.357292 0.035756 0.075000
35 0.327960 0.381250 0.035756 0.064583
31 0.644490 0.639062 0.048652 0.082292
31 0.599648 0.571875 0.038687 0.087500
31 0.555393 0.490625 0.045135 0.062500
31 0.677022 0.554688 0.050410 0.078125
31 0.681125 0.518750 0.060961 0.075000
31 0.703400 0.480208 0.069168 0.052083
31 0.730657 0.455208 0.049824 0.041667
31 0.754396 0.429167 0.050410 0.062500
31 0.660317 0.321354 0.025205 0.086458
31 0.692849 0.308333 0.030481 0.062500
31 0.711313 0.302083 0.022860 0.064583
31 0.724502 0.296875 0.024619 0.066667
