27 0.324443 0.859375 0.103751 0.208333
27 0.426436 0.861458 0.104924 0.187500
27 0.516120 0.700000 0.087339 0.197917
27 0.584408 0.838021 0.096131 0.194792
27 0.684349 0.821354 0.110785 0.232292
27 0.791618 0.819792 0.121336 0.195833
27 0.756741 0.672917 0.089097 0.116667
27 0.681125 0.658854 0.084408 0.144792
27 0.596131 0.662500 0.080891 0.135417
27 0.506448 0.429688 0.066823 0.144792
27 0.427022 0.400521 0.077960 0.136458
27 0.348476 0.411458 0.081477 0.141667
27 0.347597 0.568750 0.096131 0.179167
27 0.438159 0.556250 0.086166 0.187500
