1 0.343708 0.277978 0.082544 0.048736
1 0.495940 0.092058 0.032476 0.095668
1 0.418133 0.166968 0.096076 0.063177
1 0.560893 0.172834 0.037889 0.071300
1 0.593369 0.178700 0.029770 0.075812
1 0.629567 0.175993 0.035859 0.070397
1 0.720230 0.161101 0.046685 0.058664
1 0.756089 0.144404 0.049391 0.064982
1 0.857578 0.150722 0.042625 0.104693
2 0.264547 0.708935 0.096076 0.111011
2 0.078146 0.761282 0.062923 0.080325
2 0.121786 0.821751 0.094723 0.082130
2 0.136333 0.743682 0.085927 0.113718
2 0.177943 0.644856 0.089310 0.101986
2 0.139039 0.594765 0.068336 0.075812
2 0.211773 0.561372 0.051421 0.077617
35 0.501691 0.625000 0.057510 0.112816
35 0.512517 0.746841 0.064276 0.118231
35 0.501353 0.501805 0.047361 0.101083
35 0.551083 0.533394 0.064276 0.092058
35 0.665765 0.517148 0.055480 0.092058
35 0.726319 0.537004 0.060217 0.088448
35 0.607578 0.671480 0.062246 0.106498
35 0.557510 0.767599 0.058187 0.114621
35 0.599459 0.781588 0.074425 0.117329
35 0.789919 0.548285 0.062923 0.087545
35 0.713464 0.624097 0.056157 0.058664
35 0.760487 0.649368 0.039242 0.074910
35 0.660690 0.666516 0.062923 0.056859
35 0.738498 0.756769 0.057510 0.044224
11 0.892084 0.355144 0.062923 0.074910
11 0.949932 0.361462 0.064953 0.069495
