10 0.600135 0.455325 0.060893 0.080325
10 0.649865 0.449910 0.057510 0.076715
10 0.629905 0.556859 0.069012 0.079422
10 0.646143 0.677347 0.073072 0.091155
10 0.689783 0.657491 0.064276 0.087545
10 0.745264 0.657942 0.060217 0.083032
10 0.728349 0.542419 0.060217 0.074007
10 0.771651 0.535650 0.058863 0.080325
4 0.892422 0.583032 0.060893 0.182310
6 0.713126 0.295126 0.063599 0.079422
6 0.773004 0.296480 0.057510 0.062274
6 0.292287 0.601083 0.077131 0.101083
6 0.099459 0.563177 0.077131 0.059567
6 0.177267 0.550542 0.082544 0.066787
6 0.235792 0.479242 0.091340 0.059567
6 0.102503 0.512635 0.073748 0.043321
6 0.114344 0.461191 0.066306 0.063177
6 0.254398 0.425090 0.087957 0.061372
6 0.172530 0.453971 0.059540 0.032491
