29 0.155078 0.651389 0.052344 0.233333
29 0.205078 0.654167 0.042969 0.252778
29 0.266797 0.640972 0.066406 0.226389
29 0.476172 0.268056 0.033594 0.213889
29 0.500391 0.285417 0.046094 0.193056
29 0.529297 0.281250 0.047656 0.184722
26 0.430859 0.360417 0.038281 0.040278
26 0.394922 0.281250 0.028906 0.043056
26 0.424609 0.284722 0.024219 0.033333
26 0.513672 0.509028 0.038281 0.056944
26 0.558984 0.521528 0.030469 0.059722
27 0.577734 0.331250 0.049219 0.090278
25 0.708984 0.261806 0.092969 0.059722
25 0.729297 0.277778 0.085156 0.055556
25 0.732812 0.300694 0.079687 0.054167
25 0.732422 0.339583 0.082031 0.037500
25 0.732422 0.358333 0.078906 0.033333
25 0.714063 0.598611 0.059375 0.050000
25 0.683984 0.477778 0.060156 0.036111
20 0.792969 0.522222 0.071875 0.097222
20 0.769531 0.518056 0.067187 0.111111
20 0.747266 0.518750 0.063281 0.098611
