26 0.161489 0.295312 0.048652 0.107292
26 0.121043 0.306771 0.036928 0.073958
37 0.211313 0.230208 0.060375 0.085417
37 0.209555 0.306250 0.052169 0.072917
37 0.244138 0.329167 0.066237 0.079167
37 0.292790 0.325000 0.063892 0.077083
37 0.344959 0.335417 0.052169 0.072917
37 0.394490 0.337500 0.067995 0.077083
37 0.406800 0.268750 0.058617 0.097917
37 0.275205 0.198958 0.070926 0.066667
11 0.198710 0.100521 0.046893 0.078125
11 0.239449 0.093229 0.039273 0.069792
11 0.244431 0.026562 0.042204 0.051042
11 0.293376 0.104167 0.049824 0.075000
37 0.300117 0.260417 0.064478 0.068750
10 0.462485 0.256250 0.062134 0.104167
10 0.460141 0.340625 0.057444 0.089583
10 0.510258 0.344792 0.056858 0.091667
10 0.516706 0.275521 0.048652 0.067708
10 0.564478 0.258333 0.049238 0.081250
10 0.558910 0.342187 0.045135 0.092708
10 0.607268 0.340104 0.060961 0.101042
10 0.620457 0.279167 0.060375 0.091667
10 0.663834 0.350000 0.059203 0.097917
10 0.715416 0.348958 0.059203 0.089583
10 0.723623 0.288021 0.054513 0.067708
10 0.670868 0.291667 0.049824 0.060417
6 0.781653 0.520312 0.082649 0.098958
6 0.718347 0.533854 0.056858 0.109375
6 0.762016 0.650000 0.078546 0.129167
6 0.886284 0.684375 0.091442 0.102083
6 0.832943 0.607812 0.079719 0.107292
6 0.805686 0.790625 0.090856 0.139583
6 0.765826 0.834896 0.056858 0.163542
6 0.880129 0.796875 0.101407 0.137500
6 0.954572 0.678125 0.076788 0.091667
