8 0.571042 0.498195 0.058187 0.059567
8 0.554127 0.546029 0.064953 0.059567
8 0.603180 0.587545 0.053451 0.070397
8 0.625846 0.653430 0.070365 0.090253
8 0.571380 0.682762 0.066982 0.076715
8 0.556157 0.607401 0.059540 0.070397
8 0.502030 0.671931 0.062246 0.067690
8 0.489513 0.603791 0.058863 0.077617
8 0.491204 0.551895 0.055480 0.047834
8 0.514208 0.498646 0.066306 0.062274
8 0.489175 0.472022 0.047361 0.045126
8 0.449932 0.459838 0.054127 0.055054
8 0.433694 0.513989 0.050068 0.064079
8 0.461434 0.529783 0.041949 0.066787
8 0.451962 0.656137 0.054127 0.064982
8 0.437415 0.618231 0.050744 0.066787
8 0.411028 0.592509 0.056157 0.053249
8 0.389716 0.565433 0.052774 0.053249
8 0.373139 0.532040 0.057510 0.064079
8 0.449932 0.460740 0.052774 0.056859
19 0.646482 0.546029 0.076455 0.240072
19 0.664750 0.546029 0.068336 0.236462
19 0.694181 0.527076 0.073072 0.236462
19 0.724290 0.516245 0.033153 0.252708
19 0.750000 0.507220 0.056157 0.232852
19 0.778078 0.508123 0.033829 0.218412
19 0.799729 0.493682 0.046008 0.214801
19 0.824087 0.473375 0.081191 0.190433
6 0.908322 0.510379 0.058863 0.067690
6 0.889716 0.454874 0.047361 0.054152
6 0.842693 0.473827 0.046685 0.059567
6 0.874831 0.524819 0.041949 0.060469
6 0.820704 0.419675 0.037889 0.046931
