27 0.302462 0.414583 0.056272 0.131250
27 0.359320 0.412500 0.058617 0.145833
27 0.405627 0.417187 0.051583 0.123958
12 0.450176 0.414062 0.037515 0.138542
12 0.489156 0.415625 0.041618 0.133333
12 0.521395 0.414062 0.047479 0.130208
12 0.564771 0.415625 0.040445 0.135417
12 0.615475 0.414583 0.048066 0.135417
12 0.650059 0.419271 0.039859 0.128125
12 0.697245 0.422917 0.053341 0.125000
12 0.665592 0.565104 0.045135 0.130208
12 0.616061 0.567187 0.052755 0.136458
12 0.582063 0.567708 0.033998 0.120833
12 0.543962 0.569792 0.048066 0.122917
12 0.493552 0.570833 0.048066 0.129167
12 0.450176 0.567187 0.056272 0.132292
13 0.472743 0.749479 0.058030 0.105208
13 0.416764 0.750000 0.046893 0.106250
13 0.356389 0.759375 0.055100 0.095833
13 0.468347 0.909896 0.070340 0.109375
13 0.391852 0.904167 0.066237 0.137500
13 0.330891 0.906250 0.053341 0.150000
29 0.529601 0.841146 0.049824 0.240625
29 0.571805 0.834896 0.047479 0.253125
29 0.627491 0.830208 0.063892 0.260417
13 0.737397 0.753125 0.062134 0.112500
23 0.212192 0.579167 0.052755 0.102083
23 0.177608 0.554167 0.023447 0.129167
