35 0.146143 0.297383 0.073072 0.109206
35 0.214479 0.295126 0.066306 0.101083
35 0.298376 0.289711 0.073072 0.117329
35 0.394114 0.283394 0.069689 0.095668
35 0.453992 0.270758 0.063599 0.092058
35 0.261840 0.457581 0.059540 0.090253
35 0.320365 0.500000 0.075101 0.099278
35 0.214141 0.707130 0.089986 0.098375
35 0.305819 0.725181 0.074425 0.100181
35 0.365359 0.705325 0.077131 0.085740
35 0.434032 0.663357 0.064276 0.122744
35 0.509472 0.527076 0.058187 0.108303
35 0.416441 0.556859 0.057510 0.099278
35 0.292963 0.611913 0.067659 0.092058
35 0.209743 0.613267 0.093369 0.089350
35 0.396482 0.453971 0.051421 0.066787
5 0.529770 0.656588 0.102842 0.147112
5 0.635656 0.584386 0.095399 0.130866
5 0.692828 0.554152 0.075778 0.104693
5 0.774696 0.543773 0.090663 0.105596
5 0.577131 0.453069 0.090663 0.111913
5 0.659675 0.412455 0.056834 0.104693
5 0.647835 0.740072 0.092693 0.079422
5 0.550068 0.747292 0.096076 0.061372
5 0.736806 0.719765 0.087957 0.094765
5 0.814276 0.705325 0.098106 0.125451
5 0.903248 0.700812 0.104195 0.112816
5 0.945873 0.635379 0.077131 0.117329
5 0.830176 0.474278 0.059540 0.089350
5 0.787889 0.478791 0.056157 0.080325
5 0.728011 0.352437 0.060893 0.085740
