5 0.390392 0.560018 0.066306 0.073105
5 0.353180 0.663357 0.083897 0.086643
5 0.374493 0.750451 0.065629 0.074910
5 0.418471 0.714801 0.045332 0.113718
5 0.468200 0.711191 0.052774 0.081227
5 0.502030 0.686372 0.055480 0.098375
6 0.470907 0.522112 0.041949 0.082130
6 0.548714 0.672383 0.043302 0.102888
6 0.576116 0.633574 0.046685 0.068592
6 0.618742 0.648466 0.031800 0.076715
6 0.655954 0.638989 0.029093 0.084838
2 0.128214 0.453520 0.072395 0.031588
2 0.210419 0.475632 0.082544 0.050542
2 0.252030 0.456679 0.034506 0.039711
2 0.135318 0.489170 0.056834 0.032491
2 0.073748 0.474278 0.055480 0.031588
2 0.202639 0.664711 0.081867 0.080325
2 0.261502 0.689531 0.050744 0.072202
2 0.295332 0.747292 0.077808 0.039711
2 0.323748 0.793321 0.072395 0.050542
2 0.166779 0.742780 0.041272 0.079422
2 0.208051 0.774368 0.056157 0.064982
2 0.273004 0.600181 0.068336 0.046931
6 0.808187 0.560921 0.031800 0.051444
6 0.776387 0.563177 0.029093 0.055957
6 0.714817 0.604242 0.038566 0.044224
6 0.623139 0.487816 0.039242 0.046029
6 0.575778 0.490523 0.035183 0.046029
6 0.573072 0.555054 0.032476 0.070397
6 0.639716 0.532942 0.034506 0.044224
6 0.673884 0.501805 0.055480 0.043321
6 0.736130 0.480596 0.032476 0.040614
6 0.697903 0.489621 0.034506 0.042419
10 0.641069 0.369134 0.031800 0.048736
10 0.673884 0.362816 0.035183 0.046931
10 0.700609 0.352888 0.030447 0.043321
10 0.727673 0.357852 0.035859 0.038809
10 0.615359 0.316336 0.041272 0.038809
10 0.643437 0.309116 0.035183 0.049639
10 0.688430 0.303249 0.038566 0.041516
11 0.768268 0.346119 0.033153 0.042419
11 0.705345 0.246841 0.034506 0.031588
11 0.739513 0.235560 0.035183 0.039711
11 0.767930 0.235560 0.032476 0.041516
11 0.729026 0.303700 0.030447 0.024368
11 0.754398 0.299188 0.027064 0.026173
11 0.779093 0.294675 0.025034 0.022563
11 0.795670 0.330325 0.035183 0.036101
35 0.836265 0.553700 0.027064 0.042419
35 0.859608 0.546931 0.022327 0.052347
35 0.878552 0.540162 0.022327 0.055054
35 0.891069 0.526173 0.018945 0.054152
35 0.914411 0.520758 0.035859 0.061372
35 0.848444 0.476534 0.024357 0.041516
35 0.811908 0.412004 0.018945 0.044224
35 0.810893 0.504964 0.033153 0.038809
35 0.773004 0.422834 0.025034 0.040614
35 0.793302 0.416516 0.026387 0.042419
35 0.752030 0.439079 0.029093 0.046029
