7 0.309496 0.528646 0.069168 0.086458
7 0.371043 0.513542 0.067995 0.083333
7 0.431712 0.524479 0.050996 0.084375
7 0.482708 0.509896 0.056858 0.076042
7 0.491794 0.428125 0.048066 0.087500
7 0.549824 0.492188 0.048066 0.069792
7 0.591149 0.519271 0.041618 0.073958
7 0.390387 0.613542 0.048066 0.104167
7 0.325322 0.625521 0.065651 0.094792
7 0.456331 0.606250 0.056858 0.108333
7 0.501465 0.612500 0.059203 0.093750
7 0.548945 0.632292 0.049824 0.114583
7 0.591735 0.621354 0.063892 0.107292
7 0.638921 0.603646 0.032825 0.092708
7 0.676436 0.700521 0.067995 0.098958
7 0.567995 0.409896 0.044549 0.073958
7 0.605510 0.409896 0.053927 0.086458
7 0.567409 0.335938 0.037515 0.059375
7 0.657093 0.434896 0.053927 0.071875
