5 0.491501 0.256250 0.108441 0.168750
5 0.432005 0.430208 0.098476 0.162500
5 0.327960 0.612500 0.109613 0.195833
5 0.341735 0.415104 0.096131 0.184375
5 0.395662 0.291667 0.091442 0.164583
5 0.332943 0.229687 0.091442 0.188542
5 0.238570 0.288021 0.124267 0.163542
5 0.234467 0.614062 0.077374 0.167708
5 0.152110 0.610938 0.086166 0.176042
5 0.080305 0.480729 0.110199 0.232292
5 0.131301 0.219271 0.119578 0.157292
5 0.235053 0.284896 0.124267 0.167708
5 0.057444 0.212500 0.066823 0.154167
5 0.166471 0.398438 0.049238 0.082292
6 0.481536 0.637500 0.089683 0.189583
6 0.574736 0.662500 0.072098 0.206250
6 0.640973 0.671354 0.056858 0.205208
6 0.696073 0.677083 0.048652 0.200000
6 0.560668 0.473958 0.053341 0.150000
6 0.694607 0.288542 0.067995 0.158333
6 0.771102 0.332292 0.073271 0.175000
6 0.826495 0.293750 0.069168 0.150000
6 0.910610 0.489583 0.103751 0.197917
6 0.924971 0.701042 0.087925 0.225000
6 0.775791 0.516667 0.087339 0.193750
6 0.690211 0.477604 0.080305 0.190625
6 0.624560 0.471875 0.069754 0.170833
6 0.633939 0.291146 0.050996 0.153125
6 0.575909 0.293229 0.061547 0.157292
6 0.906213 0.300521 0.070340 0.169792
6 0.782532 0.693229 0.060961 0.207292
6 0.847304 0.707292 0.061547 0.179167
