0 0.214479 0.681408 0.085250 0.119134
0 0.296685 0.679152 0.079161 0.112816
0 0.376184 0.643953 0.078484 0.105596
0 0.358593 0.564531 0.069012 0.083935
0 0.292625 0.576715 0.066982 0.086643
0 0.168471 0.790162 0.093369 0.145307
0 0.262855 0.780235 0.091340 0.114621
0 0.353518 0.739170 0.087280 0.122744
0 0.428620 0.715253 0.075101 0.089350
9 0.431326 0.537455 0.076455 0.089350
9 0.469892 0.615523 0.089986 0.115523
9 0.479702 0.523466 0.066306 0.066787
9 0.514208 0.593863 0.069012 0.079422
9 0.554465 0.582130 0.066982 0.083032
9 0.486130 0.704422 0.062923 0.065884
9 0.537212 0.684567 0.052774 0.069495
9 0.580853 0.667419 0.056157 0.064079
9 0.361299 0.449910 0.054127 0.087545
9 0.404939 0.439982 0.061570 0.082130
9 0.444858 0.438177 0.053451 0.074910
4 0.488160 0.412906 0.064276 0.100181
4 0.536536 0.395307 0.051421 0.102888
4 0.579838 0.388538 0.050068 0.091155
4 0.624154 0.382220 0.048038 0.087545
12 0.567321 0.508574 0.089986 0.103791
12 0.620095 0.502708 0.071042 0.088448
12 0.604871 0.626805 0.048714 0.116426
12 0.650880 0.612365 0.047361 0.118231
13 0.669824 0.509928 0.058187 0.081227
13 0.696549 0.601986 0.037212 0.095668
13 0.728011 0.591606 0.035183 0.083935
13 0.763532 0.580776 0.039919 0.092960
13 0.737145 0.488718 0.041272 0.065884
13 0.705007 0.497292 0.055480 0.063177
1 0.294655 0.474278 0.037212 0.078520
1 0.322733 0.466606 0.031123 0.079422
1 0.265562 0.472924 0.042625 0.088448
1 0.241881 0.466155 0.018268 0.076715
1 0.301083 0.390794 0.058187 0.025271
1 0.275710 0.387184 0.033153 0.027076
1 0.197226 0.425090 0.026387 0.068592
4 0.111299 0.612816 0.115697 0.144404
4 0.120433 0.639440 0.124493 0.181408
4 0.107240 0.630415 0.110284 0.165162
4 0.130920 0.738267 0.089986 0.151625
4 0.139039 0.690884 0.119756 0.190433
2 0.328146 0.324007 0.066306 0.037906
2 0.427605 0.325361 0.043302 0.053249
2 0.472260 0.322653 0.047361 0.044224
2 0.418471 0.284296 0.052097 0.034296
2 0.460758 0.281137 0.044655 0.035199
2 0.255751 0.286552 0.037889 0.035199
2 0.304804 0.290162 0.062923 0.042419
2 0.253383 0.327166 0.027740 0.044224
2 0.283491 0.336191 0.040595 0.040614
20 0.586604 0.247744 0.081191 0.159747
20 0.575101 0.247292 0.083897 0.166065
20 0.563599 0.246390 0.089310 0.167870
20 0.537551 0.245487 0.103518 0.173285
20 0.496617 0.254061 0.115020 0.183213
20 0.480717 0.250000 0.103518 0.173285
14 0.799729 0.574007 0.033829 0.074007
14 0.831867 0.556859 0.039919 0.075812
14 0.872124 0.535650 0.028417 0.087545
14 0.854195 0.546480 0.034506 0.082130
5 0.665088 0.299639 0.033829 0.052347
5 0.642760 0.264892 0.029770 0.037004
5 0.616712 0.273917 0.035859 0.029783
3 0.666441 0.383574 0.044655 0.077617
3 0.705345 0.378159 0.046685 0.061372
