16 0.204167 0.797186 0.158333 0.140680
16 0.430729 0.798652 0.148958 0.135404
16 0.594792 0.794256 0.164583 0.140680
16 0.815104 0.791325 0.161458 0.138335
16 0.767708 0.656800 0.166667 0.120164
16 0.581771 0.651817 0.153125 0.128957
16 0.414062 0.656213 0.144792 0.126026
16 0.232813 0.652989 0.153125 0.124267
16 0.069271 0.657679 0.132292 0.128957
16 0.073958 0.437280 0.143750 0.112544
16 0.415104 0.441970 0.148958 0.112544
16 0.566667 0.438453 0.158333 0.105510
16 0.936458 0.649766 0.127083 0.121336
16 0.928125 0.427022 0.143750 0.109613
16 0.775000 0.186987 0.175000 0.112544
16 0.935937 0.184642 0.128125 0.113716
16 0.565104 0.191090 0.155208 0.110199
16 0.385417 0.193728 0.150000 0.108441
16 0.157812 0.203693 0.173958 0.102579
16 0.056250 0.797186 0.110417 0.140680
