27 0.324609 0.333333 0.044531 0.072222
27 0.378906 0.331944 0.039062 0.052778
27 0.421094 0.341667 0.043750 0.080556
27 0.317578 0.425694 0.044531 0.106944
27 0.371875 0.426389 0.054688 0.100000
27 0.423828 0.428472 0.049219 0.095833
27 0.466406 0.420139 0.045312 0.098611
12 0.504687 0.417361 0.032813 0.098611
12 0.554297 0.398611 0.038281 0.119444
12 0.598047 0.409028 0.041406 0.104167
12 0.537109 0.302083 0.038281 0.062500
19 0.426172 0.602778 0.025781 0.080556
19 0.447266 0.602778 0.027344 0.080556
19 0.466797 0.606944 0.030469 0.091667
25 0.249219 0.600694 0.076563 0.087500
25 0.273047 0.630556 0.061719 0.083333
25 0.297266 0.622917 0.044531 0.095833
8 0.868750 0.612500 0.045312 0.077778
8 0.874219 0.565278 0.042188 0.052778
23 0.692187 0.531250 0.045312 0.070833
23 0.657813 0.531944 0.043750 0.066667
23 0.590625 0.530556 0.042188 0.069444
