11 0.267292 0.707812 0.075029 0.142708
11 0.301583 0.580208 0.083822 0.131250
11 0.350234 0.644271 0.081477 0.115625
11 0.330012 0.760938 0.076202 0.126042
11 0.398593 0.791667 0.080891 0.137500
11 0.467761 0.839063 0.078546 0.148958
11 0.494138 0.728125 0.083236 0.129167
11 0.427902 0.688021 0.087925 0.167708
11 0.395076 0.480208 0.078546 0.122917
11 0.473916 0.523958 0.082649 0.129167
11 0.540445 0.583854 0.087925 0.153125
11 0.626612 0.574479 0.093787 0.159375
11 0.578839 0.754687 0.096717 0.151042
11 0.539859 0.889583 0.098476 0.133333
