32 0.370164 0.701562 0.086166 0.159375
32 0.540445 0.833854 0.097304 0.142708
32 0.540152 0.697396 0.099062 0.128125
32 0.603458 0.778646 0.087339 0.142708
32 0.640094 0.915104 0.086753 0.138542
32 0.738863 0.832292 0.056858 0.168750
32 0.792497 0.882292 0.064478 0.177083
32 0.845545 0.416146 0.053341 0.128125
32 0.793376 0.409375 0.050996 0.116667
32 0.825615 0.528646 0.054513 0.119792
32 0.777550 0.508333 0.052169 0.095833
32 0.751172 0.304167 0.080305 0.097917
32 0.704572 0.367708 0.050410 0.118750
32 0.636870 0.408333 0.043962 0.112500
40 0.395076 0.134896 0.058617 0.090625
40 0.460727 0.165104 0.064478 0.084375
40 0.360199 0.196354 0.065064 0.086458
40 0.427608 0.227604 0.072098 0.092708
40 0.488277 0.275521 0.059789 0.101042
40 0.348183 0.268229 0.065651 0.082292
40 0.409144 0.305729 0.066823 0.086458
40 0.464537 0.356250 0.063892 0.091667
40 0.379543 0.373958 0.058030 0.068750
40 0.439332 0.412500 0.072098 0.085417
