12 0.195193 0.523438 0.071512 0.128125
12 0.103751 0.512500 0.044549 0.139583
12 0.248535 0.517708 0.039859 0.135417
12 0.288394 0.512500 0.063306 0.127083
12 0.338804 0.508854 0.046893 0.130208
12 0.378664 0.505208 0.052755 0.131250
12 0.429367 0.501042 0.047479 0.133333
12 0.469226 0.505729 0.040445 0.117708
12 0.515240 0.495312 0.048066 0.136458
12 0.555979 0.493229 0.043962 0.132292
13 0.054807 0.701042 0.063892 0.112500
13 0.121043 0.675521 0.059203 0.123958
13 0.179953 0.653125 0.062134 0.102083
13 0.231536 0.653646 0.055100 0.117708
13 0.289273 0.635938 0.059203 0.119792
13 0.068288 0.875521 0.062720 0.161458
13 0.130715 0.867708 0.060961 0.162500
13 0.182005 0.864583 0.077960 0.147917
13 0.260258 0.846354 0.060961 0.159375
13 0.310375 0.841146 0.063892 0.146875
13 0.364596 0.839063 0.048066 0.140625
13 0.415006 0.836458 0.050410 0.129167
13 0.425850 0.694792 0.047479 0.070833
13 0.380129 0.605729 0.050996 0.044792
2 0.471278 0.665625 0.042204 0.058333
2 0.515240 0.667188 0.041032 0.065625
2 0.554807 0.655729 0.049824 0.055208
2 0.555979 0.742188 0.046307 0.063542
2 0.511137 0.760417 0.046893 0.056250
2 0.467761 0.754687 0.043376 0.061458
2 0.463365 0.830729 0.054513 0.073958
2 0.515533 0.838542 0.056858 0.077083
2 0.567409 0.817708 0.055100 0.077083
2 0.709848 0.782292 0.044549 0.081250
2 0.734174 0.771354 0.042790 0.069792
2 0.721864 0.683854 0.043962 0.065625
2 0.702227 0.619792 0.036342 0.060417
29 0.662368 0.713542 0.043376 0.179167
29 0.630422 0.700000 0.048652 0.208333
29 0.594080 0.711979 0.048652 0.203125
26 0.642438 0.510417 0.033998 0.081250
22 0.673798 0.506771 0.031067 0.088542
2 0.710141 0.488021 0.041618 0.057292
2 0.751172 0.374479 0.036928 0.067708
12 0.586460 0.351042 0.055686 0.127083
12 0.628370 0.344792 0.041032 0.122917
13 0.754396 0.469792 0.043376 0.081250
6 0.820047 0.495833 0.033998 0.077083
6 0.850821 0.497396 0.032239 0.073958
25 0.798945 0.725521 0.071512 0.190625
27 0.864009 0.772396 0.048066 0.126042
27 0.913834 0.765104 0.053927 0.121875
27 0.966589 0.756771 0.049238 0.117708
27 0.827960 0.688021 0.055686 0.101042
27 0.828253 0.597917 0.087925 0.085417
27 0.868113 0.591146 0.062134 0.073958
27 0.930832 0.612500 0.082063 0.104167
27 0.693435 0.343229 0.057444 0.126042
27 0.725674 0.278646 0.050410 0.103125
