11 0.325101 0.388087 0.030447 0.037906
11 0.355548 0.389440 0.029093 0.038809
11 0.386671 0.390794 0.029093 0.041516
11 0.415088 0.391245 0.029093 0.037004
11 0.417118 0.430957 0.029093 0.042419
11 0.385318 0.428700 0.031800 0.039711
11 0.353857 0.425993 0.029770 0.037906
11 0.324087 0.425993 0.029770 0.039711
11 0.488836 0.521661 0.030447 0.055957
11 0.452300 0.518502 0.031800 0.053249
11 0.422530 0.528430 0.025034 0.035199
11 0.394790 0.525271 0.030447 0.045126
11 0.363329 0.520758 0.033829 0.045126
11 0.330853 0.521661 0.029770 0.046931
10 0.304804 0.598827 0.037212 0.051444
10 0.343369 0.597924 0.039919 0.055054
10 0.341678 0.648917 0.039242 0.054152
10 0.337618 0.712545 0.043302 0.060469
10 0.294993 0.712094 0.041949 0.061372
10 0.303451 0.650271 0.041272 0.062274
10 0.380244 0.711191 0.032476 0.063177
10 0.417118 0.716606 0.037212 0.059567
10 0.456698 0.715253 0.036536 0.060469
10 0.495602 0.716155 0.034506 0.060469
10 0.530447 0.717058 0.035183 0.060469
10 0.566306 0.713899 0.035183 0.057762
10 0.381597 0.653430 0.035183 0.048736
10 0.418471 0.651625 0.033153 0.039711
10 0.456698 0.651625 0.037889 0.046931
10 0.493572 0.655235 0.035859 0.048736
10 0.529432 0.655686 0.033153 0.047834
10 0.562923 0.653881 0.033829 0.047834
10 0.557848 0.604242 0.031800 0.042419
10 0.522327 0.604693 0.028417 0.043321
10 0.490866 0.604242 0.034506 0.042419
10 0.456360 0.603339 0.031800 0.042419
10 0.418471 0.600632 0.035859 0.044224
10 0.382273 0.598375 0.035183 0.045126
27 0.251015 0.688177 0.051421 0.094765
27 0.197564 0.692690 0.054127 0.089350
27 0.149188 0.690884 0.062923 0.087545
27 0.093031 0.693141 0.045332 0.084838
27 0.039242 0.685018 0.056834 0.090253
27 0.207713 0.613718 0.048714 0.068592
27 0.157645 0.616426 0.046008 0.063177
27 0.112991 0.615975 0.047361 0.053249
27 0.270974 0.579874 0.038566 0.056859
27 0.225304 0.587094 0.046008 0.074910
17 0.209405 0.519404 0.025034 0.038809
17 0.186401 0.511733 0.025034 0.050542
7 0.244249 0.414260 0.029770 0.045126
6 0.448917 0.410650 0.033153 0.045126
6 0.472598 0.403430 0.025034 0.046931
6 0.498985 0.401173 0.027740 0.038809
6 0.528755 0.407942 0.030447 0.050542
6 0.554804 0.407942 0.028417 0.045126
6 0.580514 0.407491 0.029770 0.044224
6 0.609608 0.416516 0.029770 0.049639
6 0.637686 0.407942 0.033153 0.036101
2 0.523004 0.525722 0.037889 0.053249
15 0.567321 0.485560 0.027740 0.037906
15 0.589986 0.492329 0.024357 0.033394
15 0.611637 0.489170 0.023004 0.036101
15 0.633627 0.490072 0.023681 0.034296
15 0.656969 0.488267 0.024357 0.032491
15 0.680650 0.487816 0.024357 0.033394
15 0.553112 0.509477 0.023681 0.029783
15 0.578146 0.536101 0.023681 0.034296
15 0.623816 0.539260 0.025710 0.035199
15 0.673207 0.514440 0.029770 0.032491
15 0.699594 0.540162 0.023004 0.037004
15 0.553112 0.537455 0.025034 0.031588
15 0.719892 0.516245 0.024357 0.032491
15 0.745264 0.545126 0.022327 0.034296
15 0.769621 0.544675 0.026387 0.037004
15 0.792287 0.543321 0.024357 0.037906
32 0.595399 0.593412 0.041949 0.060469
32 0.637686 0.597473 0.043978 0.055957
32 0.676252 0.603339 0.038566 0.051444
32 0.715832 0.604693 0.040595 0.050542
32 0.603180 0.643051 0.049391 0.065884
32 0.647835 0.647563 0.042625 0.065884
32 0.687415 0.656137 0.041949 0.057762
32 0.726658 0.651625 0.040595 0.061372
32 0.610284 0.708484 0.046008 0.068592
32 0.655277 0.709386 0.043978 0.075812
32 0.697564 0.715704 0.040595 0.075812
32 0.740528 0.713448 0.041272 0.076715
9 0.782138 0.706679 0.051421 0.088448
9 0.765562 0.641245 0.043978 0.058664
9 0.806834 0.637635 0.049391 0.053249
9 0.825440 0.699458 0.041949 0.077617
9 0.873816 0.705325 0.053451 0.085740
9 0.851827 0.639440 0.050068 0.062274
9 0.756089 0.600632 0.045332 0.056859
9 0.887348 0.639892 0.045332 0.052347
9 0.957713 0.709838 0.049391 0.082130
9 0.793302 0.434567 0.057510 0.058664
9 0.825101 0.429603 0.031800 0.072202
2 0.759472 0.443141 0.031800 0.052347
2 0.727673 0.443141 0.034506 0.046931
2 0.700947 0.441787 0.032476 0.047834
2 0.673545 0.438628 0.031800 0.046931
2 0.719215 0.404783 0.029770 0.042419
2 0.689783 0.398014 0.029093 0.043321
