27 0.419486 0.807310 0.082544 0.147112
27 0.342016 0.773917 0.084574 0.157942
27 0.289242 0.745939 0.076455 0.138087
27 0.479702 0.765794 0.097429 0.127256
27 0.418809 0.678249 0.082544 0.103791
27 0.361637 0.666065 0.060217 0.101083
27 0.397158 0.584386 0.062246 0.091155
27 0.224628 0.660650 0.073072 0.126354
27 0.192152 0.635379 0.064953 0.110108
27 0.167118 0.601534 0.070365 0.112816
27 0.134980 0.584838 0.068336 0.108303
27 0.193166 0.520307 0.052097 0.083935
27 0.226658 0.535199 0.048714 0.090253
27 0.254398 0.569946 0.052774 0.080325
27 0.327808 0.619585 0.071042 0.111011
12 0.524019 0.722924 0.080514 0.124549
12 0.572395 0.703069 0.058187 0.128159
12 0.614005 0.689079 0.042625 0.101986
12 0.649865 0.669675 0.039919 0.102888
12 0.676590 0.649368 0.035183 0.085740
12 0.467185 0.634477 0.069689 0.084838
12 0.507781 0.615072 0.052097 0.073105
12 0.548038 0.601534 0.041949 0.049639
12 0.580853 0.583935 0.050744 0.052347
12 0.608931 0.569495 0.048714 0.072202
12 0.444181 0.571300 0.043978 0.077617
12 0.507442 0.546029 0.052774 0.068592
12 0.543978 0.530235 0.052774 0.058664
14 0.461434 0.463448 0.055480 0.087545
14 0.537551 0.425993 0.066982 0.104693
14 0.577131 0.420578 0.050068 0.097473
14 0.606225 0.410199 0.050068 0.087545
14 0.628890 0.397112 0.052097 0.084838
14 0.662043 0.387635 0.046685 0.083935
14 0.694520 0.380866 0.041272 0.075812
15 0.463464 0.314531 0.048714 0.060469
15 0.333559 0.307310 0.052774 0.062274
15 0.416779 0.333935 0.044655 0.061372
15 0.424899 0.287906 0.046008 0.048736
15 0.364344 0.282491 0.031800 0.055957
15 0.275034 0.405686 0.048038 0.067690
15 0.349459 0.451715 0.042625 0.062274
15 0.313599 0.436372 0.033153 0.053249
15 0.329161 0.397563 0.039919 0.046029
14 0.774696 0.356498 0.027064 0.066787
14 0.756089 0.362365 0.041272 0.069495
29 0.669147 0.599278 0.079838 0.146209
29 0.692828 0.590253 0.085250 0.151625
29 0.715156 0.577166 0.083897 0.143502
29 0.732070 0.562274 0.086604 0.146209
29 0.764885 0.544224 0.081867 0.133574
29 0.785521 0.533394 0.070365 0.129964
29 0.803789 0.523466 0.074425 0.117329
