27 0.059496 0.583333 0.072098 0.095833
27 0.107855 0.548438 0.060961 0.140625
27 0.167644 0.549479 0.062134 0.138542
27 0.230070 0.544792 0.060375 0.125000
27 0.271981 0.590104 0.071512 0.067708
27 0.290152 0.522396 0.055100 0.065625
27 0.339097 0.590104 0.068581 0.071875
27 0.406506 0.580729 0.062720 0.071875
27 0.353458 0.523438 0.058617 0.055208
27 0.414713 0.529167 0.059203 0.041667
11 0.476260 0.554167 0.035756 0.054167
11 0.512603 0.538021 0.031067 0.044792
11 0.548652 0.571875 0.033998 0.045833
11 0.512896 0.580729 0.031653 0.044792
11 0.583529 0.544792 0.033411 0.039583
11 0.619285 0.540104 0.033411 0.044792
11 0.655041 0.540625 0.035756 0.045833
11 0.693142 0.537500 0.033411 0.031250
11 0.730363 0.543229 0.032825 0.042708
11 0.764361 0.543750 0.037515 0.035417
11 0.809496 0.550521 0.041032 0.051042
11 0.840563 0.538542 0.031653 0.045833
11 0.861372 0.595313 0.036928 0.034375
11 0.821512 0.599479 0.042790 0.034375
11 0.781653 0.600000 0.039273 0.029167
11 0.591442 0.603646 0.033998 0.036458
11 0.475381 0.600000 0.032825 0.033333
11 0.541325 0.366146 0.033411 0.046875
11 0.575029 0.364583 0.030481 0.050000
11 0.638335 0.355729 0.035170 0.046875
11 0.671747 0.354687 0.029308 0.044792
11 0.701934 0.365625 0.031067 0.050000
11 0.734174 0.361458 0.029894 0.041667
11 0.765533 0.359375 0.032825 0.043750
