21 0.125733 0.373958 0.089683 0.158333
21 0.117819 0.556250 0.080891 0.137500
21 0.063892 0.473438 0.093787 0.117708
7 0.269637 0.505208 0.076202 0.193750
7 0.338511 0.493750 0.065064 0.225000
7 0.238277 0.370833 0.055686 0.104167
7 0.410610 0.520833 0.077960 0.177083
7 0.457503 0.515625 0.056858 0.191667
7 0.494431 0.466667 0.025205 0.262500
7 0.539273 0.513021 0.067995 0.207292
7 0.625733 0.481771 0.074443 0.232292
7 0.669988 0.406250 0.069168 0.131250
7 0.565358 0.373958 0.079132 0.122917
7 0.659730 0.158333 0.087339 0.127083
7 0.567409 0.155729 0.096131 0.101042
7 0.464830 0.070312 0.091442 0.134375
7 0.264068 0.150521 0.084994 0.159375
7 0.203693 0.084896 0.084994 0.161458
19 0.122509 0.143750 0.055100 0.247917
19 0.081477 0.121875 0.045721 0.241667
7 0.708089 0.391667 0.057444 0.129167
7 0.772860 0.372917 0.068581 0.102083
7 0.789566 0.496354 0.082063 0.207292
7 0.729484 0.098437 0.088511 0.123958
7 0.790739 0.055729 0.089097 0.107292
7 0.609906 0.069271 0.083822 0.096875
7 0.534877 0.060937 0.068581 0.098958
7 0.298066 0.378125 0.067409 0.120833
7 0.433763 0.374479 0.092614 0.109375
