31 0.391746 0.678249 0.075778 0.134477
31 0.427605 0.671931 0.046008 0.121841
31 0.456360 0.658845 0.071042 0.093863
31 0.335250 0.698556 0.058863 0.131769
31 0.288566 0.662906 0.054804 0.118231
31 0.257442 0.645307 0.071042 0.129964
31 0.226996 0.633123 0.062923 0.103791
35 0.529093 0.639440 0.041949 0.053249
35 0.512855 0.655235 0.033829 0.054152
35 0.484100 0.661552 0.035859 0.054152
35 0.474290 0.611462 0.035183 0.047834
35 0.492219 0.586191 0.029093 0.042419
35 0.456022 0.579422 0.028417 0.036101
35 0.459743 0.526173 0.020974 0.039711
35 0.464141 0.432762 0.024357 0.058664
35 0.439445 0.436823 0.034506 0.057762
35 0.410014 0.450812 0.033829 0.053249
35 0.378552 0.455325 0.033153 0.058664
35 0.354195 0.447202 0.030447 0.074910
35 0.322733 0.443592 0.032476 0.071300
10 0.561570 0.636282 0.029770 0.046931
10 0.538566 0.606047 0.037889 0.046029
10 0.516238 0.581679 0.028417 0.037004
10 0.498309 0.549188 0.035859 0.038809
10 0.587618 0.623195 0.030447 0.042419
10 0.567997 0.592058 0.029093 0.045126
10 0.542963 0.573556 0.027740 0.038809
10 0.528078 0.536101 0.029093 0.041516
10 0.551759 0.526173 0.025034 0.041516
10 0.572395 0.515343 0.028417 0.043321
10 0.564953 0.553700 0.023004 0.035199
10 0.589648 0.578520 0.027740 0.037906
10 0.608931 0.568592 0.025710 0.039711
10 0.630582 0.556859 0.025710 0.036101
10 0.650880 0.548736 0.021651 0.037906
10 0.666103 0.537455 0.027740 0.035199
10 0.687415 0.527076 0.021651 0.037906
10 0.582206 0.541968 0.020974 0.029783
10 0.605886 0.533845 0.022327 0.031588
10 0.622801 0.518953 0.019621 0.030686
10 0.641407 0.513538 0.023004 0.030686
10 0.592693 0.503159 0.028417 0.040614
10 0.613329 0.492780 0.022327 0.034296
10 0.630582 0.484657 0.023004 0.032491
10 0.645129 0.474278 0.022327 0.035199
11 0.505751 0.432762 0.026387 0.042419
11 0.526049 0.428249 0.022327 0.040614
11 0.542287 0.423285 0.022327 0.039711
11 0.560217 0.416968 0.024357 0.039711
11 0.579161 0.412455 0.020298 0.034296
11 0.595399 0.404783 0.017591 0.035199
11 0.611637 0.400271 0.020298 0.035199
11 0.625169 0.395758 0.017591 0.035199
11 0.641069 0.392599 0.018268 0.034296
11 0.657307 0.386282 0.015562 0.032491
11 0.670162 0.381769 0.014208 0.030686
11 0.656969 0.353791 0.023004 0.019856
11 0.645467 0.356047 0.021651 0.020758
11 0.631258 0.360560 0.021651 0.024368
11 0.614005 0.362816 0.027740 0.023466
11 0.598782 0.367329 0.025710 0.025271
11 0.582544 0.372744 0.027064 0.027076
11 0.565291 0.378610 0.026387 0.029783
11 0.531800 0.380415 0.023004 0.027978
11 0.513870 0.382671 0.023681 0.028881
6 0.478011 0.290162 0.033153 0.046029
6 0.498647 0.291516 0.025710 0.045126
6 0.515562 0.289711 0.023004 0.037906
6 0.531461 0.291065 0.025034 0.040614
6 0.549391 0.290614 0.025710 0.034296
6 0.601488 0.295578 0.023004 0.058664
6 0.619080 0.291516 0.025710 0.054152
6 0.639716 0.291065 0.023681 0.049639
6 0.650203 0.287906 0.020298 0.050542
6 0.667456 0.284747 0.027740 0.047834
6 0.678958 0.281137 0.029093 0.049639
6 0.694181 0.280686 0.025710 0.046931
30 0.719215 0.360108 0.025710 0.032491
30 0.704668 0.365072 0.025034 0.027978
30 0.680650 0.372292 0.020298 0.031588
30 0.653586 0.338899 0.016238 0.020758
30 0.671854 0.338899 0.017591 0.026173
30 0.685386 0.335740 0.013532 0.023466
30 0.698579 0.330325 0.018268 0.025271
4 0.690798 0.516245 0.060893 0.075812
4 0.700947 0.509928 0.056834 0.068592
4 0.705345 0.505415 0.054804 0.072202
4 0.711096 0.495939 0.063599 0.085740
4 0.727334 0.489621 0.054127 0.076715
4 0.735115 0.490072 0.049391 0.068592
4 0.741881 0.482401 0.054804 0.065884
4 0.748647 0.479693 0.050744 0.067690
4 0.757104 0.462996 0.046008 0.055957
8 0.731394 0.418773 0.027064 0.036101
8 0.753383 0.412906 0.023681 0.035199
8 0.772327 0.404783 0.025034 0.035199
8 0.759134 0.450812 0.027064 0.029783
8 0.768606 0.444946 0.028417 0.032491
8 0.778417 0.439531 0.027740 0.036101
8 0.790257 0.435018 0.021651 0.030686
8 0.809202 0.435018 0.029770 0.027076
8 0.787889 0.486011 0.029093 0.035199
8 0.796685 0.477888 0.033153 0.033394
8 0.818674 0.463899 0.032476 0.034296
8 0.831867 0.458032 0.026387 0.033394
35 0.289242 0.422834 0.038566 0.055054
35 0.271989 0.408845 0.027064 0.070397
35 0.247970 0.400271 0.022327 0.060469
13 0.093031 0.543773 0.057510 0.094765
