10 0.166441 0.762635 0.081191 0.093863
10 0.246279 0.707130 0.073072 0.089350
10 0.230379 0.591606 0.080514 0.085740
10 0.308863 0.830325 0.080514 0.084838
10 0.372124 0.754513 0.074425 0.101083
1 0.295670 0.578069 0.070365 0.083935
2 0.200947 0.404783 0.083897 0.069495
2 0.138701 0.370487 0.069012 0.082130
2 0.189783 0.321751 0.062923 0.042419
2 0.334912 0.326264 0.075778 0.076715
2 0.439107 0.333484 0.082544 0.062274
6 0.476996 0.469765 0.069012 0.055054
6 0.557172 0.430957 0.062923 0.049639
6 0.569689 0.521209 0.058187 0.071300
6 0.611976 0.576715 0.054804 0.048736
2 0.599797 0.412906 0.046685 0.047834
2 0.693166 0.466606 0.046685 0.061372
1 0.664411 0.253610 0.062246 0.081227
1 0.708390 0.263989 0.054127 0.053249
1 0.739175 0.255866 0.053451 0.067690
1 0.733085 0.218412 0.042625 0.064982
1 0.634303 0.247744 0.041272 0.080325
1 0.781461 0.214801 0.050068 0.054152
1 0.798038 0.207581 0.038566 0.068592
1 0.815968 0.207581 0.029770 0.063177
