31 0.223951 0.310018 0.048714 0.062274
31 0.232070 0.313177 0.041949 0.052347
31 0.258796 0.342960 0.053451 0.059567
31 0.271313 0.373646 0.044655 0.066787
31 0.304465 0.424639 0.056834 0.092960
31 0.341001 0.455325 0.048714 0.096570
9 0.492219 0.076264 0.041272 0.083935
9 0.485453 0.155235 0.050744 0.093863
9 0.507104 0.159747 0.043978 0.108303
9 0.557510 0.176895 0.066306 0.106498
9 0.594723 0.185018 0.058187 0.117329
9 0.646143 0.201264 0.097429 0.126354
9 0.725981 0.216606 0.079838 0.137184
9 0.705683 0.103791 0.070365 0.108303
9 0.757442 0.129964 0.076455 0.099278
9 0.655954 0.098827 0.041272 0.078520
10 0.771651 0.266697 0.073748 0.087545
10 0.842355 0.275722 0.073072 0.056859
31 0.964479 0.638087 0.071042 0.101083
31 0.918133 0.687274 0.078484 0.109206
31 0.854195 0.703069 0.069689 0.084838
31 0.779770 0.697653 0.073748 0.088448
31 0.761502 0.814079 0.092693 0.088448
31 0.773004 0.896209 0.084574 0.122744
31 0.691475 0.959838 0.085250 0.080325
31 0.939445 0.883574 0.110284 0.135379
31 0.740189 0.658394 0.063599 0.107401
6 0.702300 0.800542 0.077131 0.122744
6 0.652233 0.925993 0.082544 0.140794
6 0.611637 0.864170 0.092016 0.130866
6 0.659675 0.753159 0.070365 0.101986
6 0.578484 0.809116 0.075778 0.101986
6 0.675575 0.661101 0.057510 0.085740
6 0.618065 0.699458 0.058863 0.110108
6 0.544993 0.778881 0.072395 0.117329
6 0.672192 0.595217 0.066982 0.080325
6 0.582544 0.658845 0.054127 0.075812
6 0.518606 0.726534 0.058863 0.097473
6 0.490528 0.700812 0.055480 0.103791
6 0.556495 0.627708 0.054804 0.078520
6 0.643775 0.562274 0.069689 0.074007
6 0.604871 0.524819 0.062246 0.071300
6 0.561908 0.505866 0.066982 0.062274
6 0.531461 0.605596 0.050744 0.064982
6 0.470568 0.671029 0.064276 0.082130
6 0.451286 0.634928 0.064953 0.082130
6 0.434371 0.609206 0.064953 0.072202
6 0.416441 0.583484 0.057510 0.080325
6 0.403586 0.564531 0.058863 0.073105
6 0.510149 0.576715 0.059540 0.097473
6 0.486468 0.544675 0.066306 0.087545
6 0.460081 0.508574 0.050068 0.073105
6 0.686062 0.448105 0.069012 0.112816
6 0.660352 0.422383 0.060893 0.099278
6 0.626861 0.423736 0.048038 0.071300
6 0.603180 0.400722 0.075101 0.064982
35 0.533491 0.374549 0.035859 0.059567
35 0.511164 0.349278 0.035859 0.057762
11 0.760825 0.523466 0.075101 0.104693
11 0.829838 0.518953 0.066982 0.099278
11 0.942490 0.481047 0.050068 0.086643
