13 0.361913 0.327131 0.070397 0.076455
13 0.417419 0.334574 0.098375 0.077808
13 0.500000 0.315629 0.083032 0.087280
13 0.575812 0.307510 0.084838 0.076455
13 0.393051 0.674222 0.096570 0.141407
13 0.481047 0.657984 0.102888 0.122463
13 0.537455 0.629229 0.096570 0.116373
13 0.595668 0.603180 0.090253 0.114344
13 0.311372 0.654939 0.074007 0.138024
13 0.260379 0.639378 0.046029 0.110961
13 0.213448 0.612314 0.055054 0.109608
13 0.164260 0.593708 0.068592 0.102165
11 0.382220 0.463464 0.051444 0.035183
11 0.301444 0.447226 0.054152 0.032476
11 0.269404 0.435724 0.033394 0.039242
11 0.201264 0.413058 0.041516 0.034506
11 0.236011 0.415426 0.035199 0.031123
11 0.338448 0.437754 0.030686 0.039242
6 0.046480 0.551759 0.060469 0.053451
32 0.275271 0.324425 0.057762 0.060217
32 0.316336 0.321380 0.051444 0.041949
13 0.390343 0.559540 0.085740 0.051421
22 0.636733 0.608593 0.037004 0.058863
22 0.663357 0.596752 0.039711 0.052774
22 0.681859 0.589986 0.037004 0.051421
22 0.707130 0.576116 0.035199 0.041272
22 0.731949 0.563938 0.028881 0.035859
22 0.653430 0.519959 0.054152 0.042625
22 0.625000 0.528078 0.046029 0.037212
22 0.592509 0.538566 0.046029 0.040595
22 0.515794 0.505074 0.040614 0.043978
22 0.531137 0.500338 0.046029 0.042625
22 0.562726 0.494926 0.040614 0.042625
22 0.576264 0.489175 0.042419 0.040595
22 0.591155 0.483424 0.043321 0.043978
23 0.664260 0.506089 0.043321 0.050068
23 0.696751 0.487483 0.036101 0.039919
23 0.714801 0.526049 0.036101 0.037212
23 0.754964 0.527064 0.038809 0.052774
23 0.782942 0.513870 0.035199 0.052097
19 0.783845 0.473613 0.073105 0.121786
19 0.813177 0.458051 0.070397 0.112314
19 0.859206 0.446211 0.095668 0.099459
19 0.843412 0.451624 0.103791 0.104871
19 0.739621 0.458390 0.062274 0.054804
18 0.655235 0.405616 0.030686 0.034506
18 0.685921 0.398850 0.028881 0.029093
13 0.648014 0.296685 0.075812 0.075101
19 0.949007 0.417118 0.100181 0.071042
19 0.953971 0.408999 0.092058 0.062923
