26 0.043359 0.385417 0.067969 0.101389
26 0.235547 0.215278 0.069531 0.127778
26 0.309766 0.264583 0.052344 0.129167
8 0.362891 0.319444 0.094531 0.158333
8 0.381641 0.480556 0.099219 0.183333
8 0.469531 0.202778 0.092188 0.144444
8 0.507031 0.310417 0.101562 0.156944
8 0.559375 0.166667 0.078125 0.133333
8 0.598828 0.252778 0.102344 0.166667
8 0.573828 0.415278 0.085156 0.180556
8 0.664453 0.401389 0.100781 0.177778
8 0.736328 0.193750 0.092969 0.151389
13 0.787891 0.147222 0.094531 0.261111
13 0.907031 0.766667 0.101562 0.261111
13 0.855859 0.789583 0.121094 0.256944
13 0.762109 0.790972 0.111719 0.234722
27 0.566797 0.859028 0.128906 0.187500
27 0.456250 0.850694 0.120313 0.165278
23 0.268750 0.818056 0.073438 0.222222
23 0.175781 0.885417 0.131250 0.229167
