25 0.810961 0.615625 0.147128 0.300000
25 0.708089 0.333854 0.166471 0.136458
25 0.658265 0.399479 0.152403 0.153125
25 0.729191 0.671875 0.157093 0.262500
25 0.672919 0.664583 0.133646 0.291667
32 0.351407 0.314583 0.096717 0.118750
36 0.440797 0.295312 0.075029 0.121875
36 0.342907 0.462500 0.082063 0.177083
36 0.416471 0.450000 0.081477 0.172917
36 0.483880 0.418229 0.062720 0.163542
36 0.477140 0.615104 0.083236 0.186458
36 0.339097 0.674479 0.090856 0.207292
36 0.400938 0.657813 0.071512 0.203125
