23 0.335580 0.354687 0.036928 0.103125
23 0.371923 0.357812 0.034584 0.098958
23 0.406506 0.356771 0.033411 0.098958
23 0.438159 0.362500 0.028722 0.095833
23 0.468933 0.362500 0.029308 0.095833
23 0.500000 0.367188 0.030481 0.101042
23 0.530481 0.366146 0.033998 0.094792
23 0.561547 0.369792 0.028136 0.097917
23 0.313306 0.496354 0.040445 0.103125
23 0.347304 0.498958 0.032239 0.100000
23 0.379836 0.497396 0.033998 0.107292
23 0.411196 0.497396 0.040445 0.105208
23 0.447245 0.498437 0.033998 0.107292
23 0.480363 0.502083 0.035756 0.100000
23 0.516120 0.501563 0.034584 0.096875
23 0.548652 0.499479 0.032825 0.105208
23 0.578839 0.504167 0.029894 0.100000
23 0.610199 0.504687 0.029308 0.101042
23 0.642438 0.506250 0.035170 0.100000
23 0.675850 0.507812 0.037515 0.098958
23 0.711020 0.508854 0.037515 0.098958
23 0.739156 0.508854 0.043376 0.105208
32 0.873095 0.369271 0.049824 0.073958
32 0.827081 0.355729 0.044549 0.055208
12 0.953693 0.768229 0.050410 0.130208
12 0.915592 0.756771 0.055100 0.117708
29 0.792497 0.752604 0.050410 0.186458
29 0.751465 0.707292 0.046893 0.164583
29 0.695193 0.701562 0.063306 0.176042
36 0.674678 0.784896 0.056272 0.115625
36 0.622802 0.782292 0.045135 0.127083
36 0.586753 0.789062 0.045721 0.117708
36 0.642145 0.664062 0.048652 0.080208
36 0.601114 0.663542 0.047479 0.075000
36 0.559203 0.690625 0.042204 0.116667
36 0.538687 0.613542 0.039859 0.097917
2 0.538394 0.806771 0.053341 0.069792
2 0.485346 0.804688 0.051583 0.065625
2 0.435815 0.805729 0.049824 0.078125
2 0.390387 0.805729 0.051583 0.067708
2 0.337339 0.811458 0.059203 0.079167
2 0.333822 0.737500 0.054513 0.075000
2 0.380715 0.733854 0.042790 0.059375
2 0.420868 0.735938 0.044549 0.059375
2 0.465709 0.735938 0.050996 0.065625
2 0.509379 0.702604 0.056272 0.071875
2 0.455158 0.673958 0.048652 0.058333
2 0.409144 0.688021 0.051583 0.048958
2 0.358734 0.678125 0.050410 0.066667
2 0.408265 0.646354 0.049824 0.055208
2 0.501758 0.652604 0.045721 0.046875
2 0.313013 0.643750 0.045721 0.060417
11 0.275791 0.650000 0.043962 0.054167
11 0.281653 0.742188 0.039273 0.048958
11 0.285756 0.823438 0.036928 0.059375
11 0.254396 0.829688 0.044549 0.055208
11 0.244725 0.739062 0.043962 0.053125
11 0.239156 0.645833 0.039859 0.060417
11 0.202814 0.644271 0.036342 0.061458
11 0.211020 0.730729 0.038687 0.063542
11 0.220399 0.819792 0.039859 0.064583
11 0.179367 0.818750 0.048066 0.081250
11 0.131008 0.830208 0.047479 0.064583
11 0.173212 0.727083 0.040445 0.075000
11 0.131594 0.727604 0.039273 0.065625
11 0.094373 0.827604 0.039859 0.063542
11 0.053634 0.830208 0.047479 0.062500
27 0.052755 0.717187 0.059789 0.130208
27 0.114009 0.675521 0.066237 0.151042
27 0.176143 0.603646 0.054513 0.111458
8 0.217468 0.502604 0.043376 0.076042
8 0.259965 0.504687 0.046307 0.076042
12 0.275205 0.329167 0.066237 0.095833
36 0.596717 0.366667 0.042204 0.100000
