11 0.519621 0.445397 0.059540 0.069495
11 0.630920 0.454874 0.065629 0.068592
11 0.681326 0.439531 0.051421 0.066787
11 0.700609 0.403430 0.057510 0.052347
6 0.429635 0.688177 0.060893 0.107401
6 0.424899 0.796029 0.050068 0.110108
6 0.357578 0.817690 0.089986 0.128159
6 0.372463 0.694043 0.066982 0.122744
6 0.312246 0.707130 0.069689 0.116426
6 0.310217 0.796029 0.071042 0.095668
6 0.260149 0.819495 0.076455 0.119134
6 0.265900 0.686823 0.060893 0.110108
6 0.231394 0.677347 0.063599 0.111011
6 0.198241 0.753159 0.064953 0.103791
6 0.134641 0.781588 0.074425 0.142599
6 0.214817 0.621390 0.053451 0.098375
6 0.155277 0.665162 0.064276 0.101083
6 0.082882 0.776625 0.077808 0.138087
6 0.052436 0.724278 0.060217 0.111011
11 0.507442 0.135830 0.031123 0.058664
11 0.706022 0.348375 0.045332 0.070397
