25 0.169988 0.745833 0.060961 0.168750
25 0.142732 0.745313 0.067409 0.192708
25 0.111372 0.710938 0.055100 0.198958
25 0.093494 0.725521 0.055686 0.188542
25 0.059203 0.717708 0.057444 0.200000
25 0.036049 0.715104 0.054513 0.198958
12 0.215416 0.783854 0.059203 0.142708
12 0.258792 0.793750 0.075615 0.129167
12 0.324443 0.803646 0.067409 0.132292
12 0.390094 0.817708 0.072098 0.129167
12 0.421747 0.586979 0.065064 0.094792
12 0.371336 0.589583 0.062720 0.102083
12 0.308324 0.592187 0.062134 0.109375
12 0.236225 0.645312 0.063306 0.126042
23 0.175264 0.446354 0.036342 0.128125
23 0.213072 0.452604 0.036928 0.132292
23 0.251758 0.452604 0.039273 0.132292
23 0.288687 0.457813 0.033411 0.130208
23 0.320633 0.460417 0.039859 0.133333
23 0.362251 0.464062 0.038687 0.138542
23 0.402696 0.467187 0.038687 0.132292
23 0.446073 0.469792 0.043376 0.133333
12 0.491794 0.598958 0.048066 0.097917
12 0.422040 0.672396 0.053927 0.076042
9 0.274033 0.304167 0.041618 0.114583
9 0.318288 0.308854 0.043376 0.117708
9 0.361079 0.312500 0.045721 0.114583
9 0.409730 0.307812 0.044549 0.130208
9 0.455744 0.307292 0.053341 0.135417
9 0.363130 0.221875 0.052169 0.077083
9 0.313306 0.217188 0.052169 0.071875
2 0.541911 0.624479 0.065064 0.063542
2 0.580598 0.655729 0.042790 0.061458
2 0.623681 0.671354 0.050410 0.063542
2 0.477433 0.670833 0.045135 0.062500
2 0.527843 0.677083 0.053341 0.066667
2 0.470399 0.735417 0.054513 0.070833
2 0.523447 0.741146 0.057444 0.082292
2 0.619578 0.742188 0.042204 0.076042
2 0.616061 0.822396 0.067995 0.073958
2 0.456331 0.789583 0.052169 0.054167
2 0.449004 0.850000 0.052755 0.064583
2 0.507034 0.857812 0.062134 0.078125
2 0.620750 0.882812 0.063306 0.065625
13 0.684642 0.620313 0.056272 0.094792
13 0.674971 0.700000 0.055686 0.095833
13 0.731829 0.695833 0.055686 0.104167
13 0.788394 0.718229 0.056272 0.101042
13 0.685522 0.852083 0.067409 0.152083
13 0.739156 0.864062 0.064478 0.153125
13 0.793962 0.875000 0.070926 0.133333
23 0.724502 0.492708 0.055100 0.137500
23 0.769050 0.496354 0.046893 0.146875
23 0.816237 0.497917 0.042790 0.137500
23 0.862251 0.500000 0.049238 0.135417
26 0.855803 0.833333 0.056272 0.120833
26 0.889508 0.782292 0.054513 0.060417
26 0.898886 0.907292 0.058030 0.089583
26 0.939332 0.787500 0.053341 0.087500
26 0.869285 0.722396 0.062134 0.084375
26 0.853458 0.631771 0.056272 0.078125
22 0.487984 0.491667 0.020516 0.095833
22 0.505569 0.493750 0.022860 0.093750
22 0.526671 0.498958 0.022860 0.089583
22 0.543669 0.493750 0.024033 0.100000
22 0.575615 0.502604 0.022274 0.092708
22 0.594666 0.501042 0.022860 0.087500
22 0.613423 0.506250 0.022860 0.085417
22 0.634232 0.506250 0.026964 0.091667
22 0.651524 0.508333 0.028722 0.095833
22 0.672626 0.508854 0.028722 0.092708
22 0.693142 0.510417 0.026377 0.097917
11 0.665885 0.353646 0.031653 0.063542
11 0.600234 0.348438 0.030481 0.071875
11 0.569168 0.347917 0.030481 0.066667
11 0.492966 0.347917 0.026964 0.064583
18 0.925264 0.691146 0.045135 0.082292
