1 0.368403 0.819946 0.041272 0.129061
1 0.407984 0.818592 0.043302 0.110108
1 0.444520 0.807762 0.050068 0.129964
1 0.336942 0.800542 0.043302 0.140794
1 0.393775 0.700812 0.043302 0.098375
1 0.433356 0.686823 0.043978 0.070397
1 0.360961 0.675542 0.050744 0.094765
1 0.308525 0.768502 0.047361 0.125451
1 0.286198 0.756769 0.058187 0.125451
1 0.253383 0.722022 0.062923 0.110108
1 0.232747 0.693592 0.064953 0.098375
1 0.172869 0.652978 0.045332 0.107401
1 0.193166 0.670578 0.061570 0.093863
1 0.231055 0.584838 0.038566 0.086643
1 0.271989 0.610560 0.040595 0.083935
1 0.327808 0.649819 0.046685 0.090253
12 0.506089 0.768051 0.067659 0.128159
12 0.556834 0.721570 0.079838 0.150722
12 0.483424 0.636282 0.069689 0.092058
12 0.526725 0.616426 0.058863 0.074007
12 0.467862 0.566787 0.069689 0.088448
12 0.597429 0.702617 0.055480 0.118231
12 0.571042 0.593412 0.060893 0.083935
12 0.518945 0.540162 0.060893 0.076715
6 0.419147 0.466155 0.052097 0.076715
6 0.378552 0.472022 0.043978 0.092058
6 0.320365 0.436372 0.042625 0.082130
6 0.287889 0.423285 0.041272 0.072202
6 0.355886 0.417870 0.031123 0.059567
35 0.538904 0.453520 0.037212 0.055054
10 0.579838 0.435469 0.040595 0.060469
10 0.555480 0.417419 0.021651 0.051444
10 0.602165 0.422383 0.035183 0.061372
10 0.628552 0.412455 0.037889 0.057762
10 0.652233 0.405235 0.029770 0.061372
10 0.677943 0.398014 0.033829 0.052347
10 0.694181 0.388538 0.032476 0.055054
10 0.715494 0.380866 0.030447 0.063177
10 0.730379 0.370487 0.031800 0.055054
10 0.650541 0.634928 0.045332 0.047834
10 0.709066 0.614170 0.046008 0.027978
10 0.730717 0.584838 0.041949 0.063177
10 0.753045 0.564079 0.050068 0.054152
10 0.776725 0.543773 0.047361 0.055054
10 0.806157 0.535199 0.048038 0.055957
10 0.608931 0.569946 0.051421 0.055054
10 0.650541 0.534296 0.043978 0.054152
10 0.812585 0.479693 0.046008 0.040614
10 0.846414 0.511733 0.037889 0.045126
10 0.863667 0.496841 0.035859 0.046029
10 0.884980 0.489170 0.036536 0.041516
10 0.662382 0.504061 0.048714 0.046029
10 0.696549 0.496841 0.050744 0.049639
10 0.566982 0.537906 0.047361 0.039711
11 0.751015 0.366426 0.023004 0.043321
11 0.766915 0.362816 0.018268 0.046931
11 0.779093 0.360560 0.015562 0.035199
11 0.802097 0.351083 0.016915 0.036101
13 0.886333 0.453520 0.064953 0.087545
13 0.905277 0.446751 0.048714 0.093863
40 0.567997 0.309567 0.026387 0.037906
40 0.589986 0.310921 0.017591 0.037004
40 0.615020 0.307310 0.016238 0.033394
40 0.629567 0.299639 0.011502 0.027076
40 0.531123 0.321751 0.025710 0.042419
