6 0.187077 0.237365 0.033153 0.075812
6 0.241881 0.215253 0.039919 0.047834
6 0.270298 0.287455 0.035859 0.049639
6 0.310217 0.288357 0.037212 0.055054
6 0.370771 0.286552 0.039242 0.056859
6 0.421177 0.256318 0.049391 0.059567
6 0.361299 0.212545 0.044655 0.053249
6 0.555142 0.243231 0.048038 0.069495
6 0.611976 0.281588 0.050744 0.048736
6 0.661367 0.228339 0.050744 0.063177
6 0.711434 0.222473 0.048038 0.058664
6 0.484100 0.209386 0.034506 0.046931
6 0.588295 0.208935 0.030447 0.046029
6 0.323748 0.211643 0.039919 0.047834
6 0.520974 0.395307 0.060893 0.061372
6 0.223951 0.285650 0.048714 0.055054
6 0.797361 0.270307 0.050744 0.051444
6 0.755074 0.275271 0.052774 0.055957
6 0.870771 0.416516 0.043302 0.051444
6 0.920162 0.406588 0.056834 0.047834
6 0.962111 0.398014 0.047361 0.045126
6 0.903248 0.343863 0.056834 0.050542
6 0.825778 0.347473 0.048038 0.054152
35 0.365020 0.447202 0.048038 0.047834
10 0.198917 0.674639 0.064953 0.073105
10 0.273681 0.681859 0.062923 0.071300
10 0.274357 0.785650 0.062923 0.067690
10 0.337957 0.774368 0.065629 0.081227
21 0.101150 0.444495 0.025034 0.074910
21 0.130244 0.439531 0.026387 0.070397
21 0.158322 0.446751 0.036536 0.057762
21 0.194520 0.440433 0.037212 0.084838
37 0.241204 0.449007 0.052097 0.073105
37 0.308187 0.449910 0.061570 0.065884
37 0.280108 0.427347 0.054127 0.058664
37 0.316306 0.370036 0.049391 0.050542
37 0.257442 0.370487 0.053451 0.055054
40 0.412382 0.453971 0.039919 0.043321
40 0.441813 0.446300 0.024357 0.040614
40 0.466847 0.420578 0.027064 0.074007
40 0.508457 0.444495 0.046685 0.040614
