13 0.102503 0.602437 0.043978 0.100181
13 0.319012 0.702166 0.115697 0.158845
13 0.298038 0.700812 0.125169 0.179603
13 0.283829 0.680054 0.106225 0.183213
13 0.267591 0.672383 0.125169 0.169675
13 0.239851 0.654332 0.110284 0.146209
13 0.210419 0.625000 0.112314 0.145307
13 0.184709 0.618231 0.110961 0.138989
13 0.174222 0.602437 0.102165 0.139892
10 0.537889 0.559116 0.033829 0.042419
10 0.560893 0.551895 0.035183 0.038809
10 0.583221 0.538357 0.031123 0.038809
10 0.608254 0.527076 0.033829 0.045126
10 0.624493 0.510379 0.025710 0.044224
10 0.566982 0.608303 0.029770 0.045126
10 0.595737 0.596119 0.035859 0.040614
10 0.617050 0.581679 0.032476 0.040614
10 0.639039 0.563177 0.023681 0.036101
10 0.657984 0.550090 0.027740 0.035199
10 0.687077 0.539711 0.029093 0.037906
10 0.598106 0.646209 0.037889 0.045126
10 0.621110 0.679152 0.033829 0.053249
10 0.621786 0.629964 0.035183 0.054152
10 0.647158 0.606949 0.037212 0.042419
10 0.667794 0.589801 0.032476 0.046029
10 0.692152 0.572653 0.025710 0.044224
35 0.662720 0.402978 0.030447 0.044224
35 0.646820 0.412455 0.028417 0.046931
35 0.625507 0.419224 0.025034 0.051444
8 0.854871 0.481047 0.034506 0.043321
8 0.868403 0.470668 0.033153 0.042419
8 0.877876 0.466606 0.029093 0.043321
8 0.821380 0.450361 0.033829 0.046931
8 0.790257 0.420578 0.031123 0.041516
8 0.825101 0.407491 0.027740 0.037004
8 0.851488 0.433664 0.030447 0.035199
8 0.891407 0.444495 0.035859 0.037004
6 0.500000 0.302347 0.021651 0.039711
6 0.519283 0.300542 0.030447 0.041516
6 0.537889 0.302347 0.031123 0.045126
6 0.556495 0.297383 0.029093 0.044224
6 0.571380 0.290614 0.033153 0.043321
6 0.587957 0.288809 0.025710 0.043321
6 0.633288 0.285199 0.028417 0.039711
6 0.655616 0.280686 0.023004 0.045126
6 0.667456 0.272563 0.034506 0.039711
6 0.686062 0.268051 0.028417 0.037906
6 0.699594 0.263989 0.029770 0.037004
6 0.718539 0.261733 0.029770 0.037906
6 0.729364 0.255866 0.028417 0.042419
21 0.451624 0.480144 0.037212 0.050542
21 0.457713 0.468863 0.033153 0.046029
21 0.477334 0.466606 0.037212 0.046931
21 0.492558 0.459838 0.056834 0.055054
37 0.537551 0.461643 0.041272 0.055054
37 0.565291 0.446300 0.033153 0.049639
37 0.594046 0.403881 0.033829 0.046029
37 0.564953 0.403430 0.032476 0.037906
37 0.540257 0.416516 0.029093 0.042419
