12 0.231243 0.320833 0.069754 0.122917
12 0.279308 0.314063 0.055686 0.132292
12 0.330012 0.311458 0.036342 0.137500
12 0.186401 0.475000 0.060961 0.129167
12 0.263482 0.479167 0.075615 0.122917
12 0.320340 0.476042 0.048652 0.133333
12 0.366354 0.315625 0.057444 0.135417
12 0.360492 0.474479 0.048066 0.132292
12 0.403869 0.483333 0.060961 0.122917
12 0.413247 0.315104 0.056272 0.130208
12 0.451641 0.319792 0.056858 0.112500
12 0.494138 0.317708 0.049238 0.120833
12 0.461313 0.478646 0.045721 0.115625
12 0.491794 0.480729 0.053927 0.117708
12 0.536635 0.314063 0.052169 0.128125
12 0.545135 0.486458 0.064478 0.114583
23 0.123095 0.475521 0.043376 0.128125
13 0.182298 0.611458 0.066823 0.110417
13 0.127198 0.615625 0.079719 0.120833
13 0.076495 0.609896 0.063892 0.113542
13 0.032239 0.601562 0.063306 0.105208
13 0.212485 0.796354 0.055686 0.130208
13 0.155627 0.805208 0.059203 0.106250
13 0.106682 0.814063 0.044549 0.130208
13 0.047773 0.813542 0.060375 0.129167
29 0.270516 0.729688 0.047479 0.263542
29 0.316823 0.739062 0.049824 0.248958
29 0.348476 0.741667 0.034584 0.241667
29 0.387456 0.741146 0.042204 0.255208
29 0.422919 0.741146 0.038101 0.253125
29 0.464244 0.721354 0.041032 0.211458
25 0.617526 0.766146 0.066237 0.228125
25 0.608441 0.663542 0.073857 0.147917
22 0.635991 0.481771 0.030481 0.086458
13 0.643904 0.311458 0.049824 0.131250
9 0.837925 0.310937 0.058030 0.115625
9 0.786342 0.289583 0.046307 0.087500
13 0.769050 0.843229 0.060961 0.148958
27 0.831184 0.822917 0.064478 0.145833
27 0.902110 0.825521 0.077374 0.167708
27 0.969226 0.840625 0.061547 0.177083
22 0.823271 0.479167 0.045135 0.095833
22 0.856096 0.489063 0.050996 0.109375
22 0.886870 0.496875 0.042204 0.095833
22 0.903869 0.460938 0.023447 0.090625
