10 0.364889 0.452083 0.055686 0.077083
10 0.370164 0.398438 0.054513 0.080208
10 0.436987 0.402604 0.049824 0.069792
10 0.452227 0.461458 0.054513 0.077083
10 0.486811 0.450000 0.038101 0.085417
10 0.533411 0.453125 0.048066 0.079167
10 0.560082 0.447396 0.040445 0.088542
10 0.540739 0.361979 0.043962 0.065625
10 0.589097 0.361979 0.046893 0.069792
10 0.620164 0.459896 0.049238 0.073958
10 0.660023 0.452604 0.043376 0.080208
6 0.634232 0.274479 0.048066 0.059375
6 0.623388 0.197917 0.035756 0.054167
6 0.667644 0.248958 0.048066 0.104167
6 0.696659 0.259375 0.027550 0.093750
6 0.721278 0.258333 0.034584 0.097917
6 0.731536 0.208333 0.029308 0.060417
6 0.762016 0.285417 0.049238 0.056250
6 0.804220 0.286979 0.038687 0.063542
35 0.697245 0.389583 0.035756 0.047917
35 0.719812 0.464062 0.056272 0.040625
37 0.406800 0.589063 0.053927 0.086458
37 0.453986 0.572396 0.046307 0.069792
37 0.508499 0.623437 0.053341 0.105208
37 0.444607 0.656771 0.063892 0.101042
37 0.407093 0.745833 0.056858 0.112500
37 0.459848 0.763021 0.070926 0.109375
37 0.523447 0.803125 0.063306 0.120833
37 0.416471 0.839063 0.063892 0.084375
37 0.477726 0.876042 0.065651 0.085417
