4 0.335873 0.377604 0.116061 0.059375
4 0.315064 0.400000 0.089683 0.047917
4 0.300117 0.430208 0.056272 0.043750
4 0.291618 0.457813 0.068581 0.032292
4 0.330598 0.280729 0.085580 0.048958
4 0.366354 0.291146 0.089097 0.028125
4 0.354924 0.315104 0.090856 0.032292
13 0.538980 0.639062 0.062720 0.098958
13 0.473329 0.642188 0.059203 0.086458
13 0.417057 0.630729 0.041618 0.096875
13 0.463658 0.490625 0.057444 0.066667
13 0.544842 0.316146 0.039273 0.059375
13 0.507620 0.313021 0.030481 0.069792
11 0.636870 0.592708 0.031067 0.045833
11 0.669988 0.593229 0.032825 0.048958
11 0.604924 0.604688 0.028136 0.032292
11 0.614596 0.655208 0.031067 0.045833
11 0.650938 0.659896 0.034584 0.040625
11 0.682591 0.658854 0.032239 0.040625
11 0.716002 0.665104 0.039273 0.051042
11 0.735639 0.609375 0.033998 0.043750
11 0.707796 0.475521 0.035756 0.036458
11 0.675850 0.474479 0.030481 0.034375
11 0.645369 0.481250 0.025791 0.035417
11 0.609906 0.465625 0.031067 0.041667
11 0.747362 0.658333 0.030481 0.035417
10 0.863130 0.619792 0.041618 0.085417
10 0.932298 0.647396 0.052169 0.076042
10 0.966589 0.623958 0.038687 0.068750
10 0.808324 0.546875 0.039859 0.052083
10 0.837339 0.582812 0.035756 0.059375
10 0.910023 0.415625 0.043962 0.060417
10 0.871630 0.275521 0.033998 0.044792
