10 0.109946 0.347022 0.057510 0.060469
10 0.173207 0.348827 0.048714 0.064079
10 0.225304 0.351083 0.056834 0.063177
10 0.237483 0.295126 0.046008 0.054152
10 0.265900 0.344314 0.040595 0.073105
10 0.299391 0.337094 0.027740 0.067690
10 0.335250 0.349729 0.053451 0.067690
10 0.339648 0.287455 0.051421 0.067690
10 0.378552 0.338448 0.045332 0.055957
10 0.426928 0.350181 0.054127 0.057762
10 0.131258 0.314079 0.043302 0.055957
10 0.417456 0.273917 0.050068 0.055054
35 0.471922 0.346570 0.039919 0.057762
35 0.540595 0.333484 0.025710 0.055054
35 0.569689 0.342509 0.039242 0.060469
35 0.594046 0.329874 0.036536 0.053249
35 0.635318 0.343412 0.043302 0.064079
35 0.638701 0.310921 0.051421 0.062274
35 0.691475 0.279783 0.051421 0.045126
35 0.728349 0.339801 0.060217 0.051444
35 0.740189 0.285199 0.044655 0.048736
35 0.767930 0.323105 0.029770 0.059567
35 0.794317 0.340253 0.040595 0.048736
6 0.476319 0.468412 0.039242 0.050542
6 0.518268 0.469765 0.044655 0.049639
6 0.558863 0.469314 0.043302 0.054152
6 0.486468 0.524819 0.040595 0.069495
6 0.472260 0.551895 0.041949 0.065884
6 0.540934 0.540162 0.053451 0.064079
6 0.494249 0.609657 0.046685 0.074910
6 0.549391 0.612816 0.056834 0.075812
6 0.592693 0.619134 0.040595 0.090253
6 0.631597 0.615072 0.041272 0.089350
6 0.619756 0.495939 0.041949 0.062274
6 0.648173 0.465253 0.035183 0.055054
6 0.699256 0.452166 0.062923 0.050542
6 0.674222 0.547834 0.048038 0.084838
6 0.664750 0.618231 0.038566 0.086643
6 0.701962 0.617329 0.042625 0.086643
6 0.739175 0.613267 0.050744 0.089350
6 0.727334 0.547834 0.055480 0.063177
6 0.742219 0.514892 0.052774 0.064079
6 0.791272 0.542870 0.052097 0.062274
6 0.758457 0.458935 0.050068 0.065884
6 0.804127 0.615523 0.046685 0.077617
6 0.904601 0.155235 0.058187 0.068592
6 0.869418 0.132671 0.028417 0.064982
