35 0.471922 0.541065 0.053451 0.058664
35 0.683694 0.523917 0.041272 0.078520
35 0.749662 0.532491 0.051421 0.055957
35 0.777064 0.508574 0.045332 0.058664
35 0.716847 0.452166 0.038566 0.057762
35 0.637348 0.449007 0.050068 0.049639
35 0.816644 0.469314 0.056834 0.064982
35 0.833897 0.530235 0.057510 0.053249
35 0.916103 0.518502 0.067659 0.049639
35 0.971583 0.508574 0.051421 0.056859
21 0.341678 0.383123 0.031123 0.060469
21 0.257442 0.341155 0.049391 0.068592
21 0.165765 0.379061 0.033829 0.086643
21 0.183356 0.384025 0.028417 0.073105
21 0.207375 0.387184 0.027740 0.072202
43 0.726658 0.358303 0.071719 0.070397
