29 0.432591 0.800000 0.043376 0.395833
29 0.474502 0.823438 0.031067 0.278125
29 0.388335 0.814063 0.038101 0.353125
29 0.358441 0.785937 0.026377 0.371875
29 0.330305 0.805208 0.032239 0.329167
29 0.304220 0.758854 0.072685 0.284375
1 0.501758 0.851042 0.025791 0.183333
1 0.525498 0.819271 0.039273 0.176042
1 0.551876 0.789062 0.046307 0.165625
10 0.254396 0.774479 0.032825 0.073958
10 0.234174 0.736979 0.039273 0.078125
10 0.212192 0.693750 0.039859 0.058333
10 0.190504 0.655729 0.037515 0.044792
10 0.315064 0.559896 0.035756 0.048958
10 0.291325 0.536979 0.024619 0.057292
10 0.258792 0.629687 0.036928 0.059375
10 0.248242 0.591667 0.035756 0.031250
35 0.404162 0.475000 0.039273 0.062500
35 0.446366 0.471354 0.039273 0.053125
35 0.356975 0.438021 0.033998 0.063542
35 0.333236 0.429688 0.028722 0.067708
11 0.582356 0.791667 0.032239 0.089583
11 0.609906 0.779167 0.036928 0.087500
11 0.624853 0.759375 0.037515 0.064583
11 0.635698 0.737500 0.028722 0.060417
11 0.565651 0.695312 0.032825 0.067708
11 0.578839 0.666146 0.031067 0.076042
11 0.620457 0.638542 0.031067 0.056250
11 0.575615 0.566146 0.029308 0.063542
11 0.555393 0.581771 0.032239 0.065625
11 0.528429 0.598958 0.024033 0.062500
35 0.505862 0.459896 0.031653 0.059375
13 0.415006 0.261458 0.053927 0.135417
13 0.460141 0.273958 0.057444 0.114583
11 0.507327 0.303646 0.025205 0.063542
11 0.533118 0.299479 0.026377 0.059375
11 0.560668 0.297396 0.022860 0.059375
11 0.641852 0.415104 0.018757 0.053125
11 0.659730 0.409375 0.019343 0.047917
1 0.586166 0.268750 0.023447 0.104167
1 0.606975 0.267708 0.028722 0.097917
1 0.628664 0.265104 0.033411 0.098958
1 0.659437 0.261458 0.023447 0.093750
1 0.692263 0.255729 0.017585 0.094792
1 0.705158 0.254688 0.023447 0.088542
13 0.717761 0.245833 0.031067 0.100000
13 0.739449 0.245312 0.024033 0.094792
13 0.636577 0.184896 0.010551 0.057292
19 0.754396 0.526563 0.087925 0.161458
19 0.748242 0.542188 0.081477 0.138542
19 0.740035 0.557813 0.089683 0.159375
19 0.635698 0.598437 0.076788 0.209375
19 0.661196 0.588021 0.085580 0.184375
19 0.672333 0.578646 0.072685 0.188542
19 0.857855 0.462500 0.068581 0.110417
19 0.879250 0.455208 0.060961 0.089583
19 0.849355 0.468229 0.082063 0.113542
