32 0.274033 0.901042 0.097890 0.100000
32 0.377784 0.957812 0.089683 0.084375
32 0.383939 0.866667 0.091442 0.085417
32 0.324150 0.789583 0.080891 0.110417
32 0.416471 0.822396 0.093200 0.136458
32 0.429953 0.746875 0.086166 0.118750
32 0.363716 0.596875 0.087339 0.087500
32 0.254103 0.958333 0.111958 0.083333
13 0.440504 0.230729 0.068581 0.117708
32 0.637456 0.800000 0.052169 0.152083
32 0.713365 0.383333 0.046893 0.118750
32 0.712192 0.818750 0.050410 0.135417
32 0.842614 0.753125 0.050996 0.145833
32 0.629543 0.618229 0.051583 0.126042
32 0.583822 0.605208 0.043376 0.127083
32 0.790152 0.390104 0.052755 0.080208
