32 0.143437 0.322202 0.058187 0.083032
32 0.109608 0.306859 0.047361 0.072202
32 0.198241 0.304152 0.036536 0.063177
32 0.115697 0.465253 0.067659 0.100181
32 0.067997 0.452166 0.060217 0.093863
7 0.911367 0.349278 0.043302 0.066787
7 0.875507 0.337545 0.039242 0.059567
7 0.840663 0.316336 0.033153 0.062274
23 0.802774 0.463899 0.045332 0.113718
23 0.760149 0.467509 0.041272 0.102888
23 0.934371 0.474278 0.035183 0.094765
23 0.907984 0.466155 0.032476 0.105596
13 0.715156 0.467509 0.046008 0.106498
13 0.665765 0.464350 0.052774 0.107401
36 0.615697 0.467509 0.046008 0.099278
36 0.566982 0.464801 0.047361 0.104693
36 0.514208 0.462996 0.058187 0.115523
36 0.457037 0.464350 0.057510 0.101986
36 0.402233 0.459838 0.050744 0.105596
36 0.351488 0.460289 0.052097 0.106498
24 0.295332 0.448556 0.069689 0.129964
24 0.231732 0.449910 0.056157 0.129061
24 0.172869 0.447202 0.058863 0.130866
6 0.440122 0.292870 0.039919 0.056859
6 0.479026 0.297383 0.037889 0.053249
6 0.521651 0.298736 0.036536 0.054152
6 0.559878 0.301895 0.038566 0.049639
6 0.598106 0.300993 0.043302 0.044224
6 0.635656 0.297834 0.038566 0.052347
6 0.719892 0.295578 0.037889 0.055054
29 0.552436 0.683664 0.048038 0.194043
29 0.552097 0.561823 0.047361 0.056859
29 0.597091 0.633123 0.039919 0.175993
29 0.634303 0.633574 0.048038 0.169675
29 0.683018 0.671029 0.057510 0.215704
29 0.721245 0.662906 0.077131 0.208484
29 0.757104 0.647112 0.062246 0.184116
13 0.937415 0.734206 0.077808 0.107401
19 0.519621 0.652978 0.018945 0.203069
19 0.500338 0.653881 0.023681 0.213899
19 0.477334 0.658845 0.027740 0.222022
19 0.442828 0.664711 0.019621 0.221119
19 0.427943 0.664260 0.025034 0.203971
19 0.408322 0.658845 0.029093 0.205776
19 0.385995 0.651173 0.033153 0.203069
19 0.352165 0.656137 0.037212 0.193141
19 0.324425 0.658845 0.045332 0.196751
19 0.302774 0.652527 0.039919 0.218412
19 0.265223 0.642599 0.041949 0.178700
19 0.249662 0.645758 0.050068 0.199458
19 0.235453 0.660199 0.048714 0.195848
19 0.196549 0.650271 0.052097 0.203069
19 0.176590 0.658845 0.058187 0.205776
19 0.125846 0.652076 0.073072 0.206679
27 0.061908 0.726986 0.077808 0.111011
27 0.101150 0.635379 0.048038 0.075812
27 0.046685 0.615072 0.066306 0.101986
