2 0.362991 0.449458 0.035859 0.068592
2 0.429973 0.428249 0.039919 0.065884
2 0.340325 0.432310 0.035183 0.063177
2 0.312246 0.424188 0.033153 0.059567
2 0.276725 0.399819 0.029770 0.037906
1 0.515900 0.291968 0.041272 0.076715
1 0.535521 0.292419 0.041272 0.075812
1 0.550068 0.288809 0.040595 0.074007
1 0.568674 0.288809 0.035859 0.070397
1 0.580853 0.286101 0.034506 0.070397
1 0.603857 0.283394 0.042625 0.066787
1 0.623139 0.282942 0.040595 0.067690
1 0.640731 0.282491 0.041949 0.063177
1 0.657645 0.282942 0.036536 0.055054
10 0.528755 0.430505 0.053451 0.050542
10 0.497632 0.376354 0.031800 0.030686
10 0.521989 0.370939 0.035859 0.037906
10 0.548376 0.366877 0.030447 0.038809
10 0.574763 0.364170 0.029093 0.038809
10 0.597767 0.357852 0.029093 0.037004
10 0.618065 0.351986 0.026387 0.030686
10 0.641407 0.349278 0.024357 0.030686
10 0.576116 0.418773 0.026387 0.043321
10 0.634980 0.397563 0.031800 0.040614
10 0.673884 0.384928 0.029770 0.038809
10 0.694181 0.381318 0.027064 0.038809
25 0.566982 0.621390 0.067659 0.114621
25 0.548714 0.628610 0.081191 0.114621
25 0.505413 0.654332 0.090663 0.113718
25 0.493572 0.687274 0.108931 0.091155
25 0.435386 0.702617 0.094046 0.112816
25 0.462788 0.691336 0.089310 0.119134
5 0.512855 0.510830 0.054127 0.037906
5 0.578484 0.486462 0.046008 0.046931
5 0.549729 0.499549 0.039919 0.042419
5 0.610622 0.533845 0.035859 0.031588
5 0.659337 0.574458 0.050744 0.051444
5 0.639716 0.590704 0.034506 0.047834
5 0.593708 0.583032 0.046685 0.059567
2 0.468200 0.444495 0.044655 0.047834
2 0.502706 0.439982 0.035183 0.037004
6 0.761502 0.535650 0.020974 0.049639
6 0.775034 0.526173 0.022327 0.045126
6 0.790934 0.513989 0.023004 0.049639
6 0.802774 0.504061 0.020974 0.047834
6 0.722260 0.479693 0.019621 0.033394
6 0.630582 0.495939 0.036536 0.047834
6 0.655954 0.489621 0.033153 0.042419
6 0.730379 0.526625 0.030447 0.042419
31 0.361637 0.699458 0.080514 0.122744
31 0.292963 0.688177 0.081191 0.139892
31 0.253383 0.652527 0.071042 0.106498
31 0.224966 0.614621 0.089986 0.115523
31 0.186739 0.589801 0.085250 0.114621
31 0.139378 0.558664 0.082544 0.102888
31 0.369418 0.790614 0.063599 0.057762
31 0.312585 0.775722 0.067659 0.058664
31 0.262179 0.745939 0.050744 0.071300
31 0.228011 0.705776 0.039242 0.059567
11 0.676928 0.292419 0.019621 0.036101
11 0.690460 0.290614 0.019621 0.032491
11 0.705007 0.288809 0.014885 0.032491
11 0.717185 0.288357 0.013532 0.031588
11 0.729702 0.288357 0.012855 0.029783
11 0.692828 0.259928 0.027064 0.027076
11 0.719215 0.375000 0.016238 0.033394
11 0.732747 0.372292 0.016238 0.029783
11 0.744926 0.366426 0.014885 0.030686
11 0.755074 0.365523 0.012179 0.027076
11 0.765900 0.362816 0.013532 0.030686
6 0.685386 0.444043 0.028417 0.037906
6 0.746617 0.424639 0.022327 0.033394
6 0.757781 0.416516 0.016238 0.035199
6 0.719892 0.432310 0.031123 0.034296
