8 0.286536 0.294675 0.041272 0.042419
8 0.301083 0.314982 0.037889 0.037906
8 0.312585 0.332130 0.044655 0.039711
8 0.256428 0.332581 0.036536 0.046029
8 0.222260 0.367329 0.038566 0.043321
10 0.300068 0.216155 0.027740 0.038809
10 0.321380 0.194946 0.025710 0.036101
10 0.342016 0.214350 0.027740 0.038809
10 0.353180 0.264892 0.028417 0.044224
10 0.386671 0.249549 0.031800 0.033394
10 0.404939 0.268953 0.034506 0.043321
10 0.384980 0.300542 0.031123 0.041516
10 0.433018 0.285650 0.036536 0.046029
10 0.407307 0.316336 0.021651 0.051444
10 0.428281 0.328971 0.029770 0.051444
10 0.448579 0.350632 0.032476 0.049639
10 0.482747 0.320397 0.037212 0.057762
10 0.469892 0.378159 0.030447 0.059567
10 0.495264 0.387635 0.051421 0.062274
9 0.525372 0.202617 0.068336 0.116426
9 0.595399 0.141697 0.066306 0.117329
9 0.556495 0.106047 0.052097 0.085740
9 0.488836 0.194043 0.050744 0.111913
9 0.530108 0.095668 0.039919 0.086643
6 0.615359 0.263538 0.057510 0.072202
6 0.574087 0.237365 0.050744 0.086643
11 0.550068 0.457130 0.050068 0.062274
11 0.588972 0.449007 0.041272 0.067690
11 0.612652 0.430957 0.037212 0.058664
11 0.537551 0.428700 0.038566 0.059567
11 0.711434 0.410650 0.041272 0.050542
11 0.678281 0.411101 0.031800 0.049639
11 0.742896 0.404332 0.041949 0.054152
11 0.801083 0.397563 0.050068 0.064079
11 0.829499 0.382671 0.035183 0.059567
11 0.743911 0.250451 0.027740 0.064079
11 0.763194 0.238267 0.028417 0.054152
6 0.274019 0.476534 0.046008 0.048736
6 0.283491 0.494585 0.050068 0.066787
6 0.244249 0.415614 0.039242 0.031588
6 0.354195 0.386282 0.041272 0.052347
29 0.320704 0.491877 0.074425 0.137184
29 0.333221 0.531137 0.069689 0.152527
29 0.373816 0.602437 0.121110 0.165162
35 0.364005 0.699910 0.078484 0.067690
35 0.384303 0.733755 0.075778 0.052347
35 0.405277 0.785199 0.086604 0.093863
35 0.440460 0.819495 0.054127 0.093863
35 0.504398 0.851986 0.087280 0.106498
35 0.492558 0.668773 0.071719 0.104693
35 0.532138 0.702166 0.056157 0.084838
35 0.602503 0.719765 0.064276 0.083935
35 0.593708 0.847473 0.060217 0.097473
35 0.583221 0.893502 0.071719 0.113718
35 0.519959 0.585740 0.061570 0.074007
35 0.583897 0.601986 0.056834 0.083032
35 0.645467 0.708935 0.048714 0.098375
35 0.676590 0.690433 0.066306 0.075812
35 0.649865 0.810469 0.081867 0.084838
35 0.691813 0.785199 0.072395 0.093863
31 0.815629 0.688628 0.080514 0.182310
31 0.865020 0.680505 0.091340 0.178700
31 0.913396 0.660650 0.093369 0.187726
31 0.942490 0.618231 0.097429 0.151625
