8 0.432884 0.625000 0.079132 0.135417
8 0.365768 0.692187 0.091442 0.096875
8 0.282825 0.665625 0.084994 0.110417
8 0.249414 0.572396 0.095545 0.123958
8 0.357268 0.583854 0.067409 0.142708
8 0.207796 0.653646 0.074443 0.096875
8 0.449883 0.523438 0.073271 0.109375
8 0.379250 0.505729 0.058617 0.090625
8 0.321512 0.527083 0.060375 0.100000
8 0.441676 0.445312 0.060375 0.063542
8 0.528429 0.521354 0.054513 0.065625
15 0.279015 0.422917 0.035170 0.043750
15 0.095252 0.539583 0.048652 0.052083
15 0.299238 0.459896 0.046307 0.051042
