23 0.480717 0.746390 0.056157 0.155235
23 0.523004 0.710740 0.078484 0.120036
23 0.555142 0.685921 0.075101 0.117329
23 0.579499 0.659747 0.073748 0.117329
23 0.494926 0.602888 0.058863 0.083032
23 0.532138 0.579874 0.060217 0.080325
23 0.476658 0.531137 0.045332 0.073105
23 0.424560 0.539260 0.046685 0.091155
10 0.444520 0.441336 0.046008 0.057762
10 0.401556 0.434567 0.041272 0.051444
25 0.297023 0.591155 0.108254 0.189531
25 0.191813 0.537906 0.080514 0.164260
25 0.191475 0.546931 0.047361 0.155235
25 0.211773 0.542419 0.063599 0.176895
6 0.542625 0.416516 0.039242 0.067690
6 0.558863 0.414711 0.032476 0.064079
6 0.589648 0.420126 0.031800 0.038809
6 0.647158 0.391697 0.030447 0.036101
6 0.669147 0.393051 0.021651 0.038809
6 0.629229 0.350181 0.037889 0.025271
6 0.597091 0.358755 0.042625 0.031588
6 0.692828 0.376805 0.043302 0.029783
6 0.720907 0.367780 0.041272 0.029783
6 0.739851 0.360108 0.031800 0.028881
6 0.756428 0.351986 0.029770 0.025271
6 0.771651 0.347924 0.030447 0.024368
2 0.566982 0.305505 0.044655 0.042419
2 0.596414 0.297383 0.033153 0.038809
2 0.622124 0.293773 0.030447 0.038809
2 0.642084 0.290162 0.021651 0.031588
2 0.664073 0.287004 0.023681 0.034296
2 0.689445 0.281137 0.020298 0.031588
2 0.653586 0.252256 0.027064 0.031588
2 0.625846 0.254061 0.029770 0.035199
2 0.604195 0.259025 0.017591 0.030686
2 0.580176 0.261282 0.026387 0.037004
19 0.746617 0.473827 0.095399 0.128159
19 0.763194 0.468412 0.097429 0.131769
19 0.776387 0.460740 0.098106 0.130866
19 0.797023 0.447202 0.089310 0.127256
19 0.804127 0.441336 0.080514 0.124549
19 0.837280 0.418321 0.084574 0.111011
19 0.828146 0.420578 0.081191 0.102888
26 0.353518 0.416065 0.037212 0.057762
26 0.384303 0.407491 0.016238 0.051444
26 0.330176 0.408845 0.027064 0.054152
