10 0.575322 0.376563 0.060375 0.098958
10 0.632767 0.370833 0.058030 0.085417
10 0.684056 0.509375 0.060961 0.083333
10 0.784584 0.486979 0.065064 0.103125
10 0.776084 0.641146 0.052755 0.111458
10 0.868992 0.349479 0.055686 0.103125
10 0.696659 0.361458 0.053341 0.091667
10 0.750293 0.375521 0.055100 0.080208
10 0.800996 0.376563 0.056858 0.084375
10 0.862837 0.632292 0.048066 0.108333
6 0.416471 0.513021 0.065064 0.111458
6 0.513189 0.451042 0.068581 0.083333
6 0.548945 0.664583 0.077960 0.100000
6 0.475674 0.659896 0.058030 0.132292
6 0.417057 0.658333 0.053341 0.137500
6 0.574736 0.521354 0.054513 0.105208
6 0.599062 0.180208 0.060961 0.091667
6 0.462778 0.517188 0.056858 0.105208
6 0.519637 0.524479 0.047479 0.080208
2 0.185229 0.358854 0.092614 0.121875
2 0.152696 0.494792 0.063892 0.100000
2 0.275791 0.485938 0.089683 0.126042
2 0.182884 0.643750 0.083236 0.152083
2 0.261430 0.698958 0.093787 0.087500
2 0.305979 0.608333 0.089097 0.106250
18 0.751172 0.159896 0.061547 0.132292
18 0.885698 0.196875 0.063306 0.091667
18 0.797773 0.183854 0.037515 0.078125
3 0.500586 0.154167 0.080891 0.145833
