6 0.184642 0.605729 0.064478 0.094792
6 0.216882 0.631250 0.060961 0.110417
6 0.260844 0.656771 0.063306 0.138542
6 0.303048 0.682813 0.052755 0.144792
6 0.354631 0.706771 0.070340 0.159375
6 0.399179 0.777083 0.087925 0.152083
6 0.461606 0.808333 0.095545 0.187500
6 0.488863 0.648958 0.070340 0.127083
6 0.428195 0.634896 0.061547 0.144792
6 0.434349 0.522396 0.051583 0.105208
6 0.392438 0.494271 0.058030 0.119792
6 0.305100 0.558854 0.056858 0.105208
6 0.266413 0.531250 0.056858 0.100000
6 0.241794 0.520312 0.052169 0.115625
6 0.285463 0.433333 0.044549 0.081250
6 0.323271 0.450521 0.040445 0.098958
6 0.351993 0.475000 0.052169 0.089583
6 0.497655 0.532292 0.064478 0.102083
10 0.291618 0.316667 0.040445 0.077083
10 0.358734 0.344792 0.049238 0.079167
10 0.425850 0.360938 0.048652 0.088542
10 0.471278 0.369792 0.046893 0.079167
10 0.517292 0.366667 0.041618 0.087500
10 0.554807 0.332813 0.047479 0.073958
39 0.554220 0.805208 0.073271 0.104167
39 0.594080 0.764583 0.072098 0.091667
39 0.618113 0.719792 0.063892 0.089583
39 0.561254 0.625000 0.056858 0.077083
39 0.582356 0.581250 0.049824 0.075000
39 0.601114 0.552083 0.053341 0.066667
39 0.621923 0.526563 0.039859 0.057292
39 0.540152 0.487500 0.047479 0.064583
39 0.567409 0.465625 0.049238 0.054167
39 0.639801 0.682292 0.072098 0.075000
39 0.603165 0.427083 0.041032 0.058333
39 0.642145 0.484375 0.043962 0.043750
39 0.661196 0.470833 0.042204 0.060417
39 0.656800 0.636458 0.059203 0.056250
39 0.665592 0.601562 0.050996 0.059375
