11 0.264654 0.708854 0.042790 0.073958
11 0.245897 0.677604 0.039273 0.065625
11 0.344080 0.536979 0.023447 0.063542
11 0.318875 0.518750 0.031653 0.064583
35 0.293083 0.748437 0.042204 0.092708
35 0.322685 0.770312 0.042790 0.084375
35 0.352872 0.812500 0.056272 0.085417
35 0.385991 0.855729 0.059203 0.105208
35 0.428781 0.906771 0.063892 0.103125
35 0.477433 0.921875 0.061547 0.108333
35 0.538101 0.884896 0.059789 0.096875
35 0.571512 0.853125 0.049238 0.089583
35 0.369285 0.685417 0.037515 0.070833
35 0.397421 0.714583 0.041032 0.075000
35 0.435229 0.748437 0.054513 0.092708
35 0.484174 0.773438 0.050410 0.094792
35 0.609320 0.807813 0.045135 0.098958
35 0.632767 0.769271 0.047479 0.080208
35 0.571512 0.723437 0.049238 0.082292
35 0.583529 0.675000 0.042790 0.085417
35 0.526964 0.584375 0.033998 0.068750
35 0.470985 0.634375 0.045135 0.085417
35 0.388921 0.595313 0.047479 0.061458
35 0.430832 0.611458 0.042204 0.060417
35 0.509965 0.623437 0.043376 0.067708
6 0.489156 0.444792 0.043962 0.087500
6 0.533705 0.452604 0.035756 0.071875
6 0.574443 0.413542 0.039859 0.075000
6 0.618406 0.400521 0.031653 0.078125
6 0.446366 0.441667 0.032239 0.089583
6 0.393904 0.413542 0.037515 0.083333
6 0.365182 0.396354 0.036342 0.084375
6 0.331477 0.383854 0.035756 0.078125
11 0.297773 0.504687 0.032825 0.061458
11 0.230070 0.664583 0.034584 0.072917
11 0.210727 0.641146 0.031067 0.063542
11 0.231243 0.581250 0.039273 0.060417
10 0.559203 0.577604 0.044549 0.063542
10 0.585580 0.560937 0.041032 0.057292
10 0.616647 0.640104 0.043376 0.061458
10 0.653869 0.733333 0.040445 0.083333
10 0.675850 0.699479 0.038687 0.088542
39 0.603165 0.526563 0.042204 0.044792
39 0.622802 0.511458 0.034584 0.041667
39 0.644490 0.497917 0.035756 0.045833
39 0.659437 0.482812 0.037515 0.044792
39 0.675850 0.468229 0.038687 0.046875
39 0.636284 0.596354 0.048652 0.061458
39 0.653869 0.572917 0.039273 0.043750
39 0.677608 0.563542 0.036342 0.050000
39 0.689625 0.547396 0.039273 0.053125
39 0.707503 0.532813 0.033998 0.051042
39 0.699590 0.648438 0.042790 0.040625
39 0.718054 0.629167 0.039859 0.035417
39 0.732415 0.609375 0.039273 0.039583
39 0.756448 0.578646 0.035756 0.032292
39 0.733294 0.514062 0.031653 0.040625
39 0.743259 0.503125 0.032825 0.039583
11 0.642438 0.397917 0.021102 0.050000
11 0.658851 0.389062 0.021102 0.048958
11 0.671454 0.382292 0.019343 0.050000
11 0.684936 0.375521 0.016999 0.044792
11 0.697538 0.369271 0.015240 0.042708
9 0.577374 0.241667 0.041032 0.110417
9 0.621043 0.234896 0.038101 0.096875
9 0.642732 0.233854 0.028722 0.094792
9 0.660903 0.225521 0.032239 0.094792
9 0.581477 0.160417 0.038687 0.079167
