8 0.204687 0.436401 0.171875 0.088511
8 0.201563 0.492380 0.171875 0.073857
8 0.378125 0.492966 0.179167 0.090270
8 0.525000 0.495018 0.127083 0.088511
8 0.666667 0.497362 0.195833 0.094373
8 0.596354 0.356975 0.171875 0.083236
8 0.558854 0.411196 0.167708 0.081477
8 0.383333 0.386870 0.166667 0.085580
8 0.240625 0.654162 0.170833 0.083236
8 0.392188 0.686987 0.178125 0.099648
8 0.567187 0.655627 0.188542 0.099062
8 0.231250 0.737984 0.206250 0.105510
8 0.704167 0.705158 0.158333 0.096131
8 0.522917 0.812134 0.250000 0.147128
8 0.737500 0.819168 0.227083 0.143611
8 0.354687 0.809789 0.171875 0.130715
8 0.144792 0.815651 0.233333 0.130715
8 0.550521 0.732122 0.192708 0.071512
