8 0.611458 0.379836 0.135417 0.091442
8 0.788021 0.369871 0.146875 0.075029
8 0.827083 0.434056 0.147917 0.086166
8 0.785417 0.497069 0.189583 0.062134
8 0.676562 0.426143 0.153125 0.077374
8 0.613542 0.492087 0.150000 0.063892
8 0.468229 0.415592 0.151042 0.069168
8 0.484375 0.481536 0.141667 0.074443
8 0.327083 0.475967 0.170833 0.077374
39 0.267708 0.822978 0.122917 0.093787
39 0.335417 0.768464 0.125000 0.073857
39 0.436458 0.831184 0.102083 0.097304
39 0.540104 0.836460 0.107292 0.094959
39 0.667708 0.832649 0.145833 0.094373
39 0.553646 0.763482 0.138542 0.081477
39 0.486979 0.709848 0.136458 0.100821
39 0.332292 0.659144 0.108333 0.077960
39 0.447917 0.646249 0.129167 0.058030
39 0.582292 0.665006 0.127083 0.084994
39 0.647396 0.650059 0.121875 0.089097
39 0.674479 0.744138 0.105208 0.083822
39 0.816667 0.785463 0.139583 0.060961
39 0.879167 0.851407 0.093750 0.081477
