26 0.513189 0.467187 0.048652 0.073958
26 0.559203 0.470833 0.042204 0.062500
26 0.509379 0.564063 0.043376 0.082292
26 0.554513 0.563021 0.051583 0.071875
11 0.527257 0.352604 0.045135 0.094792
11 0.485639 0.354687 0.046307 0.090625
11 0.445487 0.354687 0.039859 0.088542
11 0.410023 0.359375 0.039273 0.087500
11 0.374853 0.354687 0.035756 0.094792
10 0.605803 0.510417 0.056858 0.091667
10 0.607562 0.571875 0.061547 0.081250
10 0.669109 0.563542 0.061547 0.083333
10 0.704865 0.528125 0.058030 0.079167
10 0.732708 0.569271 0.064478 0.086458
10 0.793083 0.574479 0.065651 0.090625
10 0.854045 0.566146 0.059789 0.098958
10 0.838218 0.456250 0.056272 0.085417
10 0.766120 0.494792 0.062134 0.091667
10 0.609027 0.458854 0.053927 0.067708
10 0.663247 0.456250 0.053341 0.079167
10 0.718347 0.458854 0.052169 0.067708
10 0.648300 0.508333 0.056272 0.072917
