6 0.375169 0.282942 0.041272 0.049639
6 0.411705 0.297834 0.034506 0.048736
6 0.472260 0.286552 0.046008 0.047834
6 0.407645 0.252708 0.035859 0.052347
6 0.426928 0.234657 0.047361 0.045126
6 0.575440 0.263087 0.031800 0.060469
6 0.596752 0.222473 0.036536 0.038809
6 0.637348 0.264892 0.048714 0.035199
6 0.676590 0.255415 0.043302 0.050542
6 0.515900 0.226083 0.035859 0.033394
35 0.777740 0.348827 0.022327 0.037004
35 0.757442 0.353339 0.029093 0.035199
35 0.734100 0.356047 0.035183 0.037004
35 0.679635 0.372744 0.031800 0.041516
35 0.869756 0.509025 0.026387 0.057762
35 0.847429 0.512184 0.023681 0.044224
10 0.715494 0.575361 0.038566 0.046029
10 0.679973 0.523466 0.037889 0.050542
10 0.591340 0.481949 0.035183 0.048736
10 0.559540 0.493231 0.032476 0.046029
10 0.604195 0.560018 0.037889 0.053249
10 0.527402 0.504061 0.034506 0.055054
10 0.493234 0.518953 0.039242 0.052347
10 0.566644 0.561823 0.041272 0.049639
10 0.646143 0.622744 0.043302 0.048736
10 0.529770 0.582581 0.044655 0.049639
10 0.583221 0.648466 0.036536 0.060469
10 0.464141 0.612816 0.051421 0.050542
10 0.423884 0.622292 0.052097 0.065884
10 0.445535 0.665162 0.049391 0.054152
10 0.415765 0.730144 0.056157 0.063177
10 0.461773 0.719765 0.046685 0.065884
10 0.501015 0.654332 0.045332 0.063177
35 0.777402 0.415614 0.018945 0.055054
21 0.267591 0.450812 0.034506 0.064079
21 0.285859 0.443141 0.035859 0.063177
21 0.313599 0.440433 0.045332 0.055957
21 0.344723 0.434116 0.042625 0.072202
37 0.394790 0.437726 0.049391 0.057762
37 0.419486 0.427347 0.035183 0.067690
37 0.450609 0.425993 0.039242 0.034296
37 0.491204 0.414711 0.046008 0.062274
37 0.538227 0.400722 0.048038 0.052347
37 0.590325 0.387184 0.048038 0.046931
37 0.647497 0.363718 0.033829 0.061372
