8 0.177267 0.317690 0.033829 0.048736
8 0.196211 0.324458 0.031123 0.053249
8 0.210758 0.333032 0.034506 0.057762
8 0.235115 0.342058 0.037212 0.059567
8 0.258119 0.354242 0.035859 0.053249
8 0.280785 0.364170 0.028417 0.060469
8 0.301083 0.379964 0.031123 0.059567
8 0.332206 0.388087 0.037889 0.063177
8 0.365359 0.399368 0.048714 0.073105
8 0.397835 0.419224 0.048714 0.069495
8 0.439107 0.435018 0.058187 0.075812
8 0.474628 0.459386 0.062923 0.075812
8 0.483762 0.389440 0.054127 0.067690
8 0.437754 0.370036 0.043302 0.057762
8 0.400541 0.356949 0.035183 0.055054
8 0.365697 0.342058 0.034506 0.045126
8 0.332544 0.331679 0.031800 0.047834
8 0.306495 0.319043 0.029770 0.053249
8 0.280785 0.311823 0.027064 0.042419
8 0.257781 0.301444 0.032476 0.046931
9 0.212449 0.203971 0.036536 0.086643
9 0.234777 0.210740 0.037889 0.080325
9 0.257104 0.214350 0.040595 0.085740
9 0.299729 0.227437 0.041949 0.090253
9 0.332544 0.154332 0.045332 0.070397
9 0.302436 0.149819 0.033829 0.061372
9 0.332206 0.233303 0.051421 0.094765
9 0.356901 0.246390 0.045332 0.092058
1 0.182679 0.576715 0.027064 0.083032
1 0.168133 0.570397 0.033153 0.084838
1 0.154263 0.551444 0.029770 0.090253
1 0.125169 0.519404 0.018945 0.062274
1 0.203315 0.476083 0.034506 0.069495
1 0.226658 0.486462 0.018945 0.059567
13 0.465832 0.643051 0.098106 0.188628
13 0.531800 0.674188 0.079838 0.180505
13 0.380582 0.760830 0.062923 0.187726
13 0.423884 0.813177 0.071042 0.167870
13 0.489513 0.866877 0.069689 0.212094
13 0.568674 0.913809 0.092693 0.172383
13 0.636333 0.949458 0.076455 0.101083
13 0.718200 0.944495 0.095399 0.111011
13 0.682679 0.745036 0.096076 0.203069
13 0.756428 0.709386 0.112314 0.155235
23 0.565291 0.487365 0.072395 0.128159
23 0.631597 0.488718 0.073748 0.127256
23 0.715156 0.447653 0.063599 0.122744
23 0.753045 0.437274 0.047361 0.123646
35 0.330853 0.706679 0.043302 0.079422
35 0.413735 0.550993 0.052097 0.055054
35 0.268606 0.643502 0.048714 0.059567
35 0.281123 0.573105 0.046685 0.070397
35 0.364005 0.612365 0.055480 0.060469
35 0.257104 0.556408 0.048714 0.042419
