7 0.317321 0.311372 0.020298 0.039711
7 0.332206 0.307310 0.018945 0.033394
17 0.277064 0.444043 0.033153 0.041516
17 0.366712 0.459386 0.033829 0.039711
2 0.152233 0.625903 0.046008 0.062274
2 0.203992 0.583935 0.048038 0.074007
2 0.255413 0.534296 0.046685 0.057762
2 0.243572 0.584386 0.047361 0.060469
2 0.387009 0.550090 0.048714 0.065884
2 0.337280 0.569495 0.054804 0.045126
2 0.364682 0.625000 0.056834 0.053249
2 0.352165 0.686823 0.058863 0.063177
2 0.292963 0.677347 0.052774 0.055054
2 0.246955 0.669675 0.047361 0.054152
2 0.286536 0.597022 0.041272 0.053249
2 0.311908 0.634928 0.043302 0.040614
2 0.455683 0.710740 0.060217 0.069495
2 0.464479 0.661101 0.052097 0.058664
2 0.473613 0.611913 0.050068 0.054152
2 0.497970 0.565884 0.052774 0.055957
2 0.444858 0.574910 0.037212 0.057762
18 0.495940 0.467509 0.032476 0.059567
18 0.530108 0.468863 0.038566 0.064079
10 0.508796 0.715704 0.050068 0.072202
10 0.554465 0.727888 0.053451 0.078520
10 0.604871 0.741426 0.052774 0.080325
10 0.612652 0.661552 0.050744 0.075812
10 0.566306 0.648917 0.046008 0.075812
10 0.510487 0.638989 0.053451 0.064982
10 0.547700 0.575361 0.043978 0.076715
10 0.594046 0.569043 0.043302 0.074910
10 0.635995 0.583032 0.048714 0.072202
10 0.737483 0.612365 0.047361 0.074910
10 0.845061 0.501805 0.050068 0.083032
10 0.781800 0.498646 0.046685 0.076715
10 0.734777 0.495939 0.048714 0.074910
10 0.685047 0.486011 0.048038 0.065884
10 0.640392 0.482401 0.043978 0.067690
10 0.597767 0.473827 0.043978 0.070397
6 0.676252 0.356047 0.035859 0.055054
6 0.725643 0.361462 0.039919 0.042419
6 0.773004 0.374097 0.037212 0.044224
6 0.816644 0.374097 0.040595 0.051444
6 0.867727 0.375903 0.057510 0.053249
6 0.962788 0.527527 0.074425 0.058664
